median_tpm_Liver	median_tpm_Other	LO	gene
28.935	20.46	1.41422287390029	ISG15
5.877	4.422	1.32903663500678	SCNN1D
40.09	24.35	1.64640657084189	CPTP
32.94	13.35	2.46741573033708	VWA1
2.794	1.223	2.28454619787408	ATAD3C
51.49	25.73	2.00116595413914	NADK
1.8345	1.223	1.5	CALML6
4.99	1.889	2.64160931709899	TMEM52
54.065	44.31	1.22015346422929	RER1
4.5465	1.607	2.82918481642813	PLCH2
22.58	16.88	1.33767772511848	ZBTB48
220.1	68.02	3.23581299617759	ERRFI1
68.41	27.96	2.4467095851216	H6PD
7.1605	5.211	1.37411245442334	SLC25A33
1.1035	0.878	1.25683371298405	CORT
119.55	2.441	48.9758295780418	MASP2
15.74	9.44	1.66737288135593	FBXO2
158.95	58.82	2.70231213872832	DHRS3
31.035	0.5411	57.3553871742746	AGMAT
13.46	10.76	1.25092936802974	DDI2
124.95	86.97	1.43670231114177	SDHB
55.33	22.83	2.42356548401226	ARHGEF10L
268.25	16.19	16.5688696726374	ALDH4A1
71.515	1.527	46.833660772757	AKR7A3
202.1	19.1	10.5811518324607	PLA2G2A
2.6265	1.976	1.3292004048583	PLA2G5
1.973	1.054	1.8719165085389	UBXN10
34.06	16.36	2.08190709046455	CAMK2N1
52.195	4.564	11.4362401402279	CDA
52.235	9.936	5.25714573268921	ALPL
16.45	9.293	1.77014957494889	RAP1GAP
2.627	1.463	1.79562542720437	CELA3A
49.48	31.2	1.58589743589744	TCEA3
21.855	6.109	3.57750859387789	GALE
77.565	16.35	4.74403669724771	HMGCL
4.726	0.5656	8.35572842998586	IL22RA1
5.248	2.797	1.87629603146228	IFNLR1
1.051	0.5265	1.99620132953466	NCMAP
1.399	1.12	1.24910714285714	RUNX3
11.29	5.833	1.93553917366707	PIGV
74.565	2.158	34.5528266913809	NR0B2
65.845	12.64	5.20925632911392	FCN3
10.325	8.225	1.25531914893617	XKR8
17.47	8.937	1.95479467382791	SESN2
10.125	6.851	1.47788643993578	MED18
75.165	19.91	3.77523857358111	SERINC2
1.6065	1.144	1.40428321678322	LCK
7.992	6.406	1.24758039338121	FAM229A
9.3305	7.531	1.23894569114327	SMIM12
8.399	5.037	1.66746079015287	CSF3R
2.41	1.452	1.65977961432507	MANEAL
3.2025	1.119	2.86193029490617	MYCL
80.975	1.367	59.235552304316	MFSD2A
29.56	24.46	1.2085036794767	SMAP2
6.105	2.211	2.76119402985075	ZNF684
22.44	16.19	1.38604076590488	CITED4
15.98	7.798	2.0492433957425	CTPS1
2.594	1.861	1.39387426114992	ZMYND12
7.3235	5.606	1.30636817695326	ERMAP
9.922	7.161	1.38556067588326	ZNF691
44.46	21.62	2.05642923219241	EBNA1BP2
42.71	17.99	2.37409672040022	PTPRF
15.215	4.662	3.26362076362076	TMEM53
38.865	31.93	1.21719386157219	UROD
9.1405	2.821	3.24016306274371	MMACHC
78.555	47.02	1.67067205444492	AKR1A1
3.0955	2.427	1.27544293366296	TSPAN1
34.405	16.04	2.14495012468828	FAAH
78.915	56.27	1.40243468988804	CMPK1
2.807	1.787	1.57078903189703	TRABD2B
8.0105	1.051	7.62178877259753	SLC5A9
214.6	38.74	5.539494062984	ECHDC2
122.55	24.52	4.99796084828711	SCP2
26.35	9.964	2.64452027298274	CPT2
1.7065	0.3974	4.29416205334675	FAM151A
419.45	44.25	9.47909604519774	DHCR24
6.327	1.734	3.64878892733564	FGGY
11.665	2.908	4.01134800550206	HOOK1
34.53	1.622	21.288532675709	CYP2J2
77.205	40.75	1.89460122699387	PGM1
21.89	2.927	7.4786470789204	AK4
11.445	2.144	5.33815298507463	LEPR
27.18	7.138	3.80778929672177	SLC35D1
44.945	3.292	13.652794653706	CTH
52.25	14.37	3.63604732080724	CRYZ
53.23	32.76	1.62484737484738	ACADM
7.5185	2.061	3.64798641436196	GIPC2
5.6145	4.057	1.38390436282968	CTBS
37.09	16.92	2.19208037825059	DDAH1
12.37	7.184	1.72188195991091	GBP1
7.286	5.916	1.2315753887762	LRRC8D
18.415	14.09	1.3069552874379	TMED5
23.54	12.12	1.94224422442244	ABCD3
12.42	6.326	1.96332595637053	DPYD
6.077	1.349	4.50481838398814	FRRS1
3.6555	2.751	1.32878953107961	SLC35A3
6.5145	5.354	1.21675382891296	DBT
18.435	14.27	1.29187105816398	AMPD2
19.765	7.962	2.48241647827179	GSTM1
4.33	3.076	1.40767230169051	OVGP1
5.334	3.018	1.76739562624254	KCND3
20.73	16.81	1.23319452706722	MOV10
14.92	9.378	1.59095756024739	SLC16A1
2.1805	1.73	1.26040462427746	DENND2C
1.6205	1.319	1.22858225928734	CD2
8.421	1.422	5.92194092827004	TBX15
24.98	7.815	3.19641714651312	PHGDH
748.5	0.6413	1167.16045532512	HMGCS2
8.42	6.986	1.20526767821357	NBPF15
30.485	0.3222	94.6151458721291	PDZK1
24.285	18.62	1.30424274973147	PRKAB2
36.465	1.994	18.2873620862588	FMO5
5.099	3.955	1.28925410872314	NBPF11
6.4905	4.373	1.48422135833524	NBPF9
1.1035	0.531	2.07815442561205	CA14
8.7105	6.72	1.29620535714286	CTSS
99.515	41.84	2.378465583174	CERS2
14.895	3.586	4.15365309537089	ANXA9
212.05	67.06	3.16209364747987	SELENBP1
34.705	7.366	4.71151235405919	CGN
29.175	11.69	2.49572284003422	RORC
1.703	1.087	1.56669733210672	SPRR3
6.2855	3.501	1.79534418737504	S100A12
25.51	19.85	1.28513853904282	S100A8
79.895	55.29	1.44501718213058	S100A16
5.6435	4.472	1.2619633273703	S100A14
38.035	10.2	3.72892156862745	IL6R
60.085	47.98	1.2522926219258	PMVK
7.8595	5.743	1.36853560856695	CKS1B
1.6505	1.118	1.4762969588551	DCST2
203.75	28.23	7.21749911441729	EFNA1
9.594	2.732	3.51171303074671	HCN3
57.93	40.65	1.42509225092251	FDPS
42.435	30.64	1.38495430809399	LAMTOR2
12.505	9.452	1.32300042319086	SLC25A44
11.515	2.563	4.49278189621537	CD1D
2.7455	2.036	1.34847740667976	MNDA
5683	0.255	22286.2745098039	CRP
84.595	39.69	2.13139329805996	DUSP23
14.17	0.6288	22.5349872773537	IGSF9
1.0565	0.7887	1.33954608850006	CD48
1.275	0.4313	2.95617899373986	SLAMF7
1.0415	0.273	3.81501831501832	CD244
47.49	31.09	1.52750080411708	F11R
26.79	18.31	1.46313489896232	NIT1
5517.5	0.2286	24136.0454943132	APOA2
15.095	10.88	1.38740808823529	TOMM40L
98.74	0.3964	249.091826437942	NR1I3
1.913	0.7294	2.62270359199342	PCP4L1
6.313	4.657	1.35559372986901	FCGR3A
1.804	0.8214	2.19625030435841	FCGR3B
5.2735	1.992	2.64733935742972	FCGR2B
1.059	0.27	3.92222222222222	NOS1AP
12.845	2.129	6.03334899013621	C1orf226
47.425	36.96	1.28314393939394	UAP1
18.43	4.979	3.70154649528018	HSD17B7
10.45	6.743	1.54975530179445	TADA1
1.7515	0.8855	1.97797854319593	CD247
75.145	38.29	1.96252285191956	MPC2
1.1805	0.2342	5.04056362083689	XCL2
34.175	0.9336	36.6056126820908	F5
2.581	0.9703	2.66000206121818	SELE
152.5	2.243	67.9893000445831	FMO3
14.915	3.376	4.41795023696682	FMO4
1054.5	0.2208	4775.8152173913	SERPINC1
25.14	5.302	4.74160694077707	SEC16B
8.3875	3.32	2.52635542168675	RALGPS2
8.527	5.854	1.45661086436625	TOR1AIP2
3.095	2.239	1.38231353282715	NPL
42.435	1.257	33.7589498806683	PRG4
3.003	0.8689	3.45609391184256	KCNT2
332.3	25.03	13.276068717539	CFH
7.8065	2.853	2.73624255169996	C1orf53
3.8545	3.13	1.2314696485623	PTPRC
8.767	0.4932	17.7757502027575	NR5A2
9.1825	4.751	1.93275099978952	ZNF281
10.93	2.981	3.66655484736666	LAD1
16.505	2.148	7.68389199255121	ELF3
98.98	8.719	11.3522192912031	CHI3L1
56.945	3.099	18.3752823491449	ETNK2
91.155	0.6198	147.071636011617	GOLT1A
16.955	6.862	2.47085397843194	PLEKHA6
12.01	3.004	3.99800266311585	SLC45A3
12.81	0.509	25.1669941060904	PIGR
3.8305	1.961	1.95334013258542	LAMB3
225	54.87	4.10060142154183	G0S2
238.7	4.871	49.004311229727	HSD11B1
1.072	0.8491	1.26251324932281	TRAF3IP3
14.14	10.53	1.34283000949668	IRF6
37.19	7.475	4.9752508361204	SLC30A1
18.685	11.16	1.67428315412186	LPGAT1
23.295	18.93	1.23058637083994	ATF3
30.45	4.25	7.16470588235294	PROX1
21.83	16.4	1.33109756097561	KCTD3
61.925	16.52	3.74848668280872	C1orf115
14.47	9.499	1.52331824402569	HLX
15.615	4.451	3.50820040440351	DUSP10
488.4	87.18	5.60220233998623	EPHX1
33.53	19.87	1.68746854554605	GALNT2
1007.5	22.3	45.1793721973094	AGT
1.8765	1.208	1.5533940397351	MAP3K21
12.785	0.9806	13.037935957577	GREM2
104.5	60.03	1.7407962685324	FH
2.8115	1.483	1.89581928523264	OPN3
18.77	12.37	1.51738075990299	TFB2M
64.035	29.59	2.16407570125042	SCCPDH
3.2715	2.494	1.31174819566961	PGBD2
11.02	3.928	2.80549898167006	FAM110C
113.95	36.48	3.12362938596491	ADI1
41.045	3.128	13.1218030690537	COLEC11
191.55	60.8	3.15049342105263	ID2
7.1345	2.079	3.43169793169793	GRHL1
2.707	0.3603	7.51318345822925	VSNL1
2.772	1.403	1.97576621525303	GEN1
289.5	6.065	47.7328936521022	SDC1
3.5565	0.3967	8.96521300731031	GDF7
9.47	6.689	1.41575721333533	SELENOI
118.1	2.238	52.7703306523682	KHK
3.116	1.351	2.30643967431532	CGREF1
2.5635	1.294	1.98106646058733	ABHD1
67.6	15.54	4.35006435006435	SLC5A6
101.9	7.54	13.5145888594164	FNDC4
97.015	0.3124	310.547375160051	GCKR
8.3755	2.4	3.48979166666667	RBKS
3.3135	1.569	2.11185468451243	RMDN2
28.24	9.224	3.06157849089332	GALM
3.47	2.545	1.36345776031434	GEMIN6
27.735	2.84	9.76584507042254	OXER1
168.4	8.169	20.6145183008936	HAAO
3.729	1.94	1.92216494845361	PUS10
9.5345	7.44	1.2815188172043	PEX13
12.395	7.661	1.61793499543141	EHBP1
143.9	73.41	1.96022340280616	UGP2
5.6305	4.164	1.35218539865514	C2orf42
65.945	32.57	2.02471599631563	SPR
15.82	3.278	4.8261134838316	SFXN5
41.335	10.93	3.78179322964318	RTKN
5.9515	3.977	1.49647975861202	MRPL53
3.941	2.922	1.34873374401095	CCDC142
23.315	13.69	1.70306793279766	TTC31
4.705	0.3682	12.778381314503	LBX2
32.275	1.013	31.8608094768016	EVA1A
13.065	9.874	1.32317196678145	MRPL19
1.101	0.5626	1.95698542481337	REG1B
4.4365	2.617	1.69526175009553	REG1A
47.81	30.64	1.56037859007833	RETSAT
21.66	8.328	2.60086455331412	GGCX
79.44	65.31	1.21635277905374	VAMP8
3.9975	2.919	1.36947584789311	GNLY
3.951	0.284	13.9119718309859	PLGLB1
21.49	14.43	1.48925848925849	THNSL2
23.665	9.78	2.41973415132924	FAHD2A
4.643	2.789	1.66475439225529	ADRA2B
3.3865	2.226	1.52133872416891	ZAP70
3.4275	2.285	1.5	LYG1
3.164	1.656	1.91062801932367	IL1R2
1.73	0.5382	3.21441843180974	IL1RL2
4.5065	3.313	1.36024750980984	IL18R1
1.8505	1.076	1.71979553903346	IL18RAP
7.736	3.861	2.003626003626	MFSD9
12.58	3.106	4.05022537025113	SOWAHC
38.605	1.008	38.2986111111111	IL1RN
17.765	6.85	2.59343065693431	PSD4
14.875	11.75	1.26595744680851	INSIG2
5.606	1.715	3.26880466472303	MARCO
131.45	11.25	11.6844444444444	STEAP3
175.45	76.95	2.28005198180637	DBI
47.215	5.999	7.87047841306885	TMEM37
9.015	4.06	2.22044334975369	TMEM177
13.2	7.071	1.86677980483666	EPB41L5
1.3775	0.2712	5.07927728613569	GPR39
22.49	6.637	3.38857917733916	HNMT
22.78	12.12	1.87953795379538	RND3
10.6	6.992	1.51601830663616	NMI
39.56	10.89	3.63269054178145	CD302
6.415	1.489	4.30826057756884	DPP4
45.63	4.396	10.3798908098271	GRB14
13.435	6.717	2.0001488759863	COBLL1
2.0775	0.6161	3.37201752962181	SCN9A
4.0335	3.267	1.2346189164371	RAPGEF4
1.4335	0.302	4.74668874172185	PDE11A
4.926	2.708	1.81905465288035	ZNF385B
1.005	0.3392	2.96285377358491	PPP1R1C
58.72	14.95	3.92775919732442	TFPI
49.235	32.71	1.50519718740446	SLC40A1
22.595	10.38	2.17678227360308	HIBCH
4.101	2.99	1.37157190635451	STAT4
61.895	11.49	5.38685813751088	MYO1B
2.594	2.032	1.27657480314961	NABP1
1.4645	0.2732	5.36054172767204	CCDC150
226.45	117.5	1.92723404255319	HSPD1
221.6	91.11	2.43222478322906	HSPE1
1.4375	1.118	1.28577817531306	SATB2
2.459	1.231	1.99756295694557	FTCDNL1
28.15	14.92	1.88672922252011	MAIP1
251.1	13.42	18.7108792846498	AOX1
34.465	20.09	1.71553011448482	STRADB
4.9615	2.565	1.93430799220273	RAPH1
17	3.625	4.68965517241379	FZD5
100.35	19.97	5.0250375563345	IDH1
17.4	7.402	2.35071602269657	ACADL
347.1	0.8618	402.761661638431	CPS1
229.15	41.05	5.58221680876979	FN1
6.018	1.699	3.54208357857563	MREG
37.475	2.808	13.3457977207977	PECR
164.65	61	2.69918032786885	IGFBP2
1.0695	0.5263	2.0321109633289	CXCR1
73.935	21.33	3.4662447257384	PNKD
332.05	26.69	12.4409891345073	CYP27A1
2.436	1.43	1.7034965034965	SLC23A3
7.604	5.627	1.35134174515728	IRS1
8.4045	0.3498	24.0265866209262	SLC19A3
28.62	10.75	2.66232558139535	PID1
7.167	4.824	1.48569651741294	SP140L
98.13	0.2254	435.359361135759	C2orf72
17.28	0.5817	29.706034038164	NGEF
12.115	9.928	1.22028605962933	MLPH
83.285	7.807	10.6679902651467	RAB17
13.18	4.56	2.89035087719298	SCLY
70.16	12.5	5.6128	BOK
31.265	0.2544	122.897012578616	NEU4
42.845	17.15	2.49825072886297	EDEM1
24.33	19.74	1.23252279635258	CAMK1
49.325	25.99	1.89784532512505	IL17RC
7.133	5.105	1.39725759059745	IRAK2
31.8	1.356	23.4513274336283	SLC6A1
14.705	8.315	1.76849067949489	NUP210
23.39	16.74	1.39725209080048	HACL1
11.79	6.798	1.73433362753751	BTD
13.33	9.425	1.41432360742706	OXSM
24.74	8.508	2.90785143394452	CMTM8
46.95	18.03	2.60399334442596	CMTM6
182.95	41.78	4.37888942077549	ACAA1
32.205	17.93	1.79615170105968	MYD88
9.8005	0.5852	16.7472658920027	XYLB
5.7545	1.906	3.0191500524659	MYRIP
13.83	3.313	4.17446423181407	VIPR1
133.65	100.1	1.33516483516484	HIGD1A
3.5335	0.5681	6.21985565921493	ACKR2
8.3895	5.061	1.65767634854772	TCAIM
27.565	7.579	3.63702335400449	PTH1R
36.82	29.15	1.2631217838765	SCAP
59.07	34.76	1.6993670886076	PLXNB1
70.27	27.74	2.53316510454218	SLC25A20
234.85	140.8	1.66796875	GPX1
34.81	22.44	1.55124777183601	AMT
395.85	8.172	48.4397944199706	MST1
160.7	2.802	57.3518915060671	SLC38A3
2.4515	1.695	1.44631268436578	HYAL3
94.43	11.89	7.94196804037006	HYAL1
17.995	14.35	1.25400696864112	CYB561D2
31.89	21.55	1.47981438515081	CISH
21.225	15.72	1.35019083969466	PARP3
73.74	34.6	2.13121387283237	ABHD14B
125.55	14.3	8.77972027972028	ACY1
2.806	1.431	1.96086652690426	POC1A
80.11	41.44	1.93315637065637	ALAS1
178.65	6.141	29.0913531998046	GLYCTK
662.7	1.101	601.907356948229	ITIH3
1601.5	16.42	97.5334957369062	ITIH4
25.6	3.774	6.78325384207737	CHDH
25.83	4.706	5.48873778155546	IL17RB
21.155	2.983	7.0918538384177	DNASE1L3
18.225	5.246	3.47407548608464	ABHD6
88.945	9.068	9.80866784296427	ACOX2
86.84	40.16	2.16235059760956	SUCLG2
2.3125	1.462	1.58173734610123	CNTN3
83.235	17.73	4.69458544839256	PROS1
22.265	8.725	2.55186246418338	CPOX
15.48	4.386	3.52941176470588	ST3GAL6
20.855	8.583	2.42980309914948	NIT2
32.075	7.2	4.45486111111111	TMEM45A
28.645	20.23	1.41596638655462	NFKBIZ
18.815	14.43	1.3038808038808	ALCAM
3.8825	1.769	2.19474279253816	NECTIN3
6.8075	2.519	2.70246129416435	GRAMD1C
15	4.784	3.13545150501672	PLA1A
186.2	0.5209	357.458245344596	HGD
7.403	1.641	4.51127361365021	CSTA
16.24	9.441	1.72015676305476	PARP9
15.47	11.87	1.30328559393429	DTX3L
1.369	1.018	1.34479371316306	PARP15
13.715	10.48	1.30868320610687	PARP14
31.24	12.52	2.49520766773163	PDIA5
14.65	9.375	1.56266666666667	HACD2
5.829	3.48	1.675	UMPS
3.0445	1.544	1.97182642487047	SLC12A8
85.935	5.402	15.907997038134	ALDH1L1
59.835	25.27	2.36782746339533	KLF15
34.4	18.48	1.86147186147186	MGLL
9.039	3.604	2.50804661487236	RAB43
1.3785	0.8649	1.59382587582379	EFCAB12
80.075	24.79	3.23013311819282	ACAD11
1606	1.308	1227.82874617737	TF
33.425	26.87	1.24395236323037	SRPRB
21.045	10.16	2.07135826771654	PCCB
1.6035	0.8499	1.88669255206495	IL20RB
14.235	5.688	2.50263713080169	RBP1
4.4075	1.556	2.83258354755784	PLS1
17.655	11.4	1.54868421052632	PLOD2
27.975	5.478	5.10679079956188	AGTR1
1.168	0.881	1.32576617480136	CPB1
310.75	3.784	82.1220930232558	CP
34.81	15.3	2.27516339869281	SIAH2
14.565	4.881	2.9840196681008	ARHGEF26
5.813	1.473	3.94636795655126	MME
21.165	1.294	16.3562596599691	BCHE
1.7145	0.9775	1.7539641943734	ACTRT3
4.0075	3.293	1.21697540236866	PLD1
32.3	20.71	1.55963302752294	TNFSF10
29.42	23.3	1.26266094420601	ALG3
2.633	1.854	1.42017259978425	ECE2
19.425	1.05	18.5	THPO
130.75	13.73	9.52294246176256	CHRD
91.62	2.883	31.7793964620187	EHHADH
11.575	9.139	1.26654995076048	TMEM41A
179.5	12.6	14.2460317460317	ST6GAL1
35.075	1.502	23.3521970705726	MASP1
2.8985	1.966	1.47431332655137	RTP4
1.6415	0.4698	3.49404001702852	TPRG1
90.515	2.463	36.7498984977669	CLDN1
13.57	1.153	11.7692974848222	IL1RAP
20.46	15.69	1.30401529636711	ATP13A3
6.441	4.625	1.39264864864865	MUC20
1.747	0.252	6.93253968253968	ZDHHC19
18.865	1.39	13.5719424460432	SLC51A
71.38	6.477	11.0205341979311	BDH1
8.9275	1.816	4.91602422907489	SLC26A1
29.495	20.82	1.41666666666667	FGFRL1
25.435	10.54	2.41318785578748	SPON2
25.5	4.315	5.90961761297798	FGFR3
11.79	9.679	1.21810104349623	SH3BP2
8.742	7.273	1.20197992575278	RGS12
204.65	0.367	557.629427792916	HGFAC
1.7365	1.061	1.63666352497644	S100P
27.53	20.22	1.36152324431256	GRPEL1
1.897	1.209	1.56906534325889	SORCS2
7.3055	5.608	1.30269258202568	SH3TC1
3.532	1.008	3.50396825396825	SLC2A9
80.05	19.97	4.00851276915373	QDPR
27	8.723	3.09526539034736	ADGRA3
9.2165	7.13	1.29263674614306	PPARGC1A
12.65	5.213	2.42662574333397	SEPSECS
16.95	6.969	2.4321997417133	PI4K2B
10.825	0.787	13.7547649301144	C4orf19
19.83	14.22	1.39451476793249	FAM114A1
8.8665	5.878	1.50842123171147	KLHL5
46.65	13.28	3.51280120481928	UGDH
42.345	15.54	2.72490347490348	SMIM14
2.5725	2.126	1.21001881467545	N4BP2
16.255	8.692	1.87011044638748	RBM47
12.2	7.638	1.59727677402461	TMEM33
2.338	0.367	6.37057220708447	NIPAL1
4.9765	0.5848	8.50974692202462	CNGA1
1.012	0.5617	1.80167349118747	TXK
1.939	1.353	1.43311160384331	TEC
38.76	14.72	2.63315217391304	OCIAD2
18.185	11.09	1.63976555455365	PAICS
6.3175	0.2461	25.6704591629419	SULT1B1
7.9675	2.353	3.38610284742881	JCHAIN
5.229	3.229	1.61938680706101	SLC4A4
25200	1.919	13131.8394997394	ALB
2.6785	1.721	1.55636257989541	CXCL8
1.062	0.3384	3.13829787234043	PPBP
256.15	15.13	16.9299405155321	CXCL2
4.5245	2.526	1.79117181314331	MTHFD2L
9.828	6.696	1.46774193548387	NAAA
1.355	1.071	1.26517273576097	CXCL10
48.955	14.52	3.3715564738292	STBD1
3.999	3.294	1.21402550091075	SHROOM3
5.726	0.3738	15.3183520599251	SOWAHB
6.466	1.543	4.19053791315619	RASGEF1B
1.431	0.5222	2.74032937571812	PLAC8
79.19	0.4362	181.545162769372	HSD17B13
61.58	23.88	2.5787269681742	HSD17B11
7.235	5.717	1.26552387615882	SPP1
4.043	0.9361	4.31898301463519	ABCG2
11.855	2.544	4.65998427672956	TIGD2
306.1	0.2415	1267.49482401656	ADH1A
810.55	53.06	15.2761025254429	ADH1B
273.7	4.263	64.2036124794745	ADH1C
2.7045	2.251	1.2014660151044	TRMT10A
19.545	9.521	2.05283058502258	CISD2
12.945	3.483	3.71662360034453	SLC9B2
42.845	24.22	1.76899256812552	HADH
69.025	51.08	1.35131166797181	OSTC
31.615	0.6392	49.4602628285357	ETNPPL
11.735	8.049	1.45794508634613	CASP6
256.4	17.72	14.4695259593679	CFI
12.43	1.637	7.59315821624924	ELOVL6
7.6465	3.062	2.4972240365774	ENPEP
3.154	2.327	1.35539321014181	NUDT6
2.1965	1.346	1.63187221396731	HSPA4L
10.014	5.981	1.67430195619462	LARP1B
4.1345	2.409	1.71627231216272	NOCT
8.6965	4.114	2.11387943607195	RAB33B
39.265	20.5	1.91536585365854	MGST2
1.0805	0.4814	2.24449522226838	CLGN
5.195	2.148	2.41852886405959	MMAA
7352	0.2428	30280.0658978583	FGB
5497.5	0.2437	22558.4735330324	FGA
5968.5	0.3301	18080.8845804302	FGG
23.1	16.65	1.38738738738739	CTSO
43.305	19.95	2.17067669172932	ETFDH
6.019	4.258	1.4135744480977	TMEM192
12.13	9.092	1.33413990321161	KLHL2
126	13.14	9.58904109589041	MSMO1
14.245	8.196	1.7380429477794	CBR4
7.646	0.9987	7.65595273856013	MFAP3L
13.38	3.045	4.39408866995074	AADAT
5.307	1.98	2.68030303030303	HAND2
33.565	1.002	33.498003992016	HPGD
7.77	6.397	1.21463185868376	WWC2
384.15	69.08	5.56094383323683	ACSL1
8.3365	3.433	2.42834255752986	FAM149A
40.95	11.61	3.52713178294574	CYP4V2
76.485	1.939	39.4455905105725	KLKB1
47.1	38.94	1.2095531587057	SLC12A7
68.06	51.46	1.32258064516129	CLPTM1L
13.735	1.737	7.90731145653425	SRD5A1
67.805	17.88	3.792225950783	CMBL
7.384	5.465	1.35114364135407	OTULIN
71.43	48.32	1.47826986754967	GOLPH3
19.125	4.776	4.00439698492462	AMACR
7.6015	6.323	1.20219832358058	RAI14
6.6125	3.492	1.89361397479954	SKP2
74.635	12.63	5.90934283452098	NADK2
1.721	0.7521	2.28825953995479	RANBP3L
23.35	18.6	1.25537634408602	PRKAA1
136.15	2.155	63.1786542923434	C6
29.15	5.289	5.51143883531859	GHR
8.1755	2.051	3.98610433934666	CCDC152
210.5	49.26	4.27324401136825	SELENOP
51.995	16.47	3.15695203400121	HMGCS1
16.07	10.07	1.59582919563059	ITGA1
25.17	4.43	5.68171557562077	FST
1.1	0.5656	1.94483734087695	GZMK
2.909	1.497	1.94321977287909	GZMA
17.975	14.14	1.27121640735502	SMIM15
4.8705	2.725	1.78733944954128	NLN
9.318	4.109	2.26770503772207	CCDC125
6.6535	2.979	2.23346760657939	MARVELD2
2.744	0.8863	3.09601714994923	OCLN
35.715	19.09	1.87087480356207	MCCC2
1.2315	0.3955	3.11378002528445	TMEM171
7.266	6.026	1.20577497510787	ENC1
13.32	9.793	1.36015521290718	HMGCR
25.67	5.956	4.3099395567495	IQGAP2
13.1	0.5423	24.1563710123548	CRHBP
41.185	0.7624	54.0201993704092	DMGDH
207.35	6.884	30.1205694363742	BHMT2
19.475	5.914	3.29303347987826	SERINC5
4.3865	3.311	1.32482633645424	DHFR
7.298	5.68	1.28485915492958	ZCCHC9
1.8925	1.518	1.24670619235837	MBLAC2
26.81	19.54	1.37205731832139	GLRX
35.3	28.6	1.23426573426573	ELL2
7.9	6.483	1.21857164892797	NUDT12
2.024	0.6056	3.34214002642008	TSLP
8.9935	7.006	1.28368541250357	STARD4
6.436	4.75	1.35494736842105	MCC
3.2965	0.9806	3.36171731592902	KCNN2
41.9	30.91	1.35554836622452	TMED7
140.65	8.365	16.8141063956964	CDO1
119.85	64.25	1.86536964980545	HSD17B4
14.34	6.442	2.22601676497982	ALDH7A1
2.514	2.044	1.22994129158513	LMNB1
42.785	16.8	2.54672619047619	ISOC1
1.0335	0.8545	1.20947922761849	CHSY3
68.38	6.913	9.89150875162737	SHROOM1
286.8	185.7	1.54442649434572	UQCRQ
93.865	2.459	38.1720211468077	LEAP2
27.955	15.69	1.7817080943276	SAR1B
12.645	9.795	1.29096477794793	SEC24A
21.655	17.97	1.20506399554814	SIL1
14.945	0.4899	30.5062257603593	SLC23A1
2.0895	0.5256	3.97545662100457	MZB1
39.995	23.51	1.70119098256061	CXXC5
195.8	23.4	8.36752136752137	CD14
15.03	8.773	1.71321098825943	TMCO6
8.678	0.4083	21.2539799167279	SPINK1
52.825	18.62	2.83700322234157	ABLIM3
25.375	17.55	1.44586894586895	NDST1
12.63	8.329	1.51638852203146	ATOX1
29.975	14.18	2.1138928067701	FAXDC2
8.0255	1.269	6.32427107959023	ADRA1B
6.8145	4.076	1.67185966633955	WWC1
13.24	9.982	1.32638749749549	PANK3
422.05	344.3	1.22582050537322	DUSP1
45.16	33.42	1.35128665469779	ERGIC1
22.89	7.175	3.19024390243902	SFXN1
4.765	2.861	1.66550157287662	HK3
48.89	3.073	15.9095346566873	FGFR4
120.75	90.19	1.33884022618916	LMAN2
33.335	8.99	3.70800889877642	RGS14
376.05	0.5322	706.595264937993	F12
27.205	18.79	1.44784459819053	PHYKPL
92.53	40.31	2.29546018357728	MGAT4B
14.6	10.77	1.35561745589601	RNF130
10.075	7.857	1.28229604174621	NQO2
19.965	4.477	4.45945945945946	BPHL
15	8.163	1.83755972069092	TUBB2A
133.85	36.61	3.65610488937449	PXDC1
98.095	62.48	1.57002240717029	ECI2
1.2325	0.5571	2.21234966792317	PPP1R3G
21.345	16.67	1.28044391121776	DSP
2.9875	2.066	1.44603097773475	GCNT2
6.9545	0.8175	8.50703363914373	ELOVL2
23.065	17.92	1.287109375	FAM8A1
2.476	1.281	1.93286494925839	NHLRC1
27.23	10.95	2.48675799086758	TPMT
1.465	0.6732	2.17617349970291	PRL
10.29	0.6436	15.9881914232443	GPLD1
32.875	8.554	3.84323123684826	ALDH5A1
12.785	8.315	1.53758268190018	ACOT13
1.081	0.7845	1.37794773741236	SCGN
3.2445	2.535	1.27988165680473	HFE
1.436	0.2141	6.70714619336758	UBD
2.122	1.12	1.89464285714286	POU5F1
2.57	1.185	2.16877637130802	LTB
3.5585	2.482	1.43372280419017	LST1
127.1	2.652	47.9260935143288	APOM
119.1	51.66	2.3054587688734	HSPA1A
77.28	39.6	1.95151515151515	HSPA1B
184.9	2.966	62.3398516520566	C2
1115	15.13	73.694646397885	CFB
34.39	25.69	1.33865317244064	DXO
43.405	3.859	11.2477325732055	C4A
51.2	3.406	15.0322959483265	C4B
17.465	0.5718	30.5438964672963	CYP21A2
66.74	44.43	1.50213819491335	PSMB8
32.805	19.81	1.65598182735992	HSD17B8
2.1685	1.507	1.43895155938952	ARMC12
3.684	1.611	2.28677839851024	CLPS
29.135	16.2	1.79845679012346	CCDC167
11.74	4.11	2.85644768856448	KCNK5
2.146	1.511	1.42025148908008	KCNK17
24.095	19.07	1.26350288411117	MOCS1
40.235	3.054	13.1745252128356	UNC5CL
124.75	3.284	37.9872107186358	GNMT
35.97	12	2.9975	KLC4
48.355	31.31	1.54439476205685	DNPH1
4.758	1.329	3.58013544018059	CRIP3
13.715	1.808	7.58573008849558	CYP39A1
12.59	9.601	1.31132173731903	TRAM2
32.33	18.65	1.73351206434316	TMEM14A
423.95	0.2106	2013.0579297246	GSTA1
37.02	23.84	1.55285234899329	ELOVL5
25.56	9.113	2.80478437397125	GCLC
3.008	0.3671	8.19395260147099	MLIP
153.9	38.13	4.03619197482297	PTP4A1
4.422	3.637	1.21583722848501	MTO1
18.875	9.651	1.95575588021967	SH3BGRL2
18.56	8.182	2.2683940356881	BCKDHB
11.03	4.861	2.26908043612425	NT5E
5.771	3.241	1.78062326442456	MANEA
19.86	16.34	1.21542227662179	CCNC
10.07	7.202	1.39822271591225	PDSS2
4.7255	3.571	1.3232987958555	WASF1
6.4005	3.707	1.72659832748854	DDO
18.565	13.75	1.35018181818182	TUBE1
3.1055	1.061	2.92695570216777	FRK
1.663	1.179	1.41051738761662	FAM184A
59.95	17.83	3.36231071228267	MAN1A1
19.43	14.53	1.33723331039229	SMPDL3A
14.205	10.08	1.40922619047619	TRMT11
7.491	4.647	1.61200774693351	AKAP7
400.95	0.4652	861.887360275151	ARG1
19.825	2.101	9.43598286530224	ENPP1
54.265	0.5028	107.925616547335	VNN1
2.215	1.359	1.6298749080206	VNN2
91.165	0.6834	133.399180567749	ALDH8A1
6.5585	3.64	1.80178571428571	MAP7
40.51	25.66	1.57872174590803	PERP
8.6135	2.633	3.27136346372959	NHSL1
15.92	11.99	1.32777314428691	ABRACL
17.65	2.002	8.81618381618382	ADGRG6
24.365	7.828	3.1125447112928	AIG1
11.76	9.421	1.24827513002866	PEX3
24.18	13.83	1.74837310195228	RAB32
5.1235	1.108	4.62409747292419	SAMD5
12.34	8.731	1.41335471309128	RMND1
3.5275	0.955	3.69371727748691	ESR1
3.286	1.817	1.8084755090809	CNKSR3
85.32	51.82	1.64646854496333	SOD2
29.45	7.927	3.71515075059922	ACAT2
384.5	0.5794	663.617535381429	SLC22A1
25.105	3.505	7.16262482168331	SLC22A3
131.95	69.29	1.90431519699812	MPC1
1.4995	0.3582	4.18620882188721	DACT2
54.82	29.84	1.83713136729223	FAM20C
13.2	4.459	2.96030500112133	GPER1
29.955	16.16	1.85365099009901	ZFAND2A
15.26	1.735	8.79538904899135	TMEM184A
7.669	1.266	6.05766192733017	ELFN1
141.95	86.51	1.64085076869726	KDELR2
11.445	9.199	1.24415697358409	AHR
13.84	1.224	11.3071895424837	SNX10
66.085	42.62	1.55056311590802	HIBADH
5.3245	2.529	2.1053776196125	CHN2
10.585	7.11	1.4887482419128	ZNRF2
1.6835	1.047	1.60792741165234	BMPER
1.9605	1.622	1.20869297163995	KIAA0895
1.8645	1.425	1.30842105263158	AOAH
5.322	3.467	1.53504470723969	MPLKIP
4.7475	1.196	3.96948160535117	SUGCT
2.177	0.5775	3.76969696969697	INHBA
27.145	18.48	1.46888528138528	CCM2
12.905	1.497	8.62057448229793	ADCY1
143.45	36.17	3.96599391761128	IGFBP3
16.915	8.146	2.07647925362141	EGFR
48.625	32.86	1.47976262933658	GUSB
210.55	26.09	8.07014181678804	ASL
21.89	16.45	1.3306990881459	CRCP
20.785	8.813	2.35844774764552	TPST1
9.379	7.224	1.29831118493909	AUTS2
413.9	9.049	45.7398607580948	MLXIPL
4.538	1.956	2.3200408997955	VPS37D
25.52	0.797	32.0200752823087	CLDN3
2.876	2.121	1.35596416784536	LAT2
149.25	34.09	4.37811674977999	POR
1.575	0.7177	2.19451024104779	SSC4D
5.2245	1.635	3.1954128440367	HGF
7.2305	5.567	1.29881444224897	CROT
28.66	0.5314	53.9330071509221	ABCB4
7.2785	1.507	4.82979429329794	ABCB1
2.976	0.3682	8.08256382400869	RUNDC3B
12.065	4.157	2.90233341351936	STEAP1
16.855	9.998	1.68583716743349	CLDN12
120.6	2.614	46.1361897475134	PON3
76.835	27.38	2.80624543462381	PON2
44.245	10.71	4.1311858076564	SLC25A13
1.6295	0.4268	3.81794751640112	BHLHA15
20.015	9.997	2.00210063018906	BAIAP2L1
155.9	0.6464	241.181930693069	CYP3A5
1.7835	0.5186	3.43906671808716	GJC3
826.6	3.133	263.8365783594	AZGP1
34.995	16.92	2.06826241134752	ZKSCAN1
78.095	62.29	1.2537325413389	PILRB
28.41	9.639	2.9474011826953	AGFG2
19.735	15.97	1.23575453976205	MOSPD3
425.6	0.414	1028.0193236715	TFR2
9.5655	1.244	7.68930868167203	MUC3A
59.15	21.33	2.77308954524144	SERPINE1
37.28	21.18	1.76015108593012	ZNHIT1
10.43	8.134	1.28227194492255	CLDN15
3.5655	0.5246	6.7966069386199	RELN
1.0735	0.6859	1.56509695290859	CDHR3
107.3	37.34	2.87359400107124	NAMPT
10.665	6.82	1.56378299120235	CCDC71L
59.41	35.06	1.69452367370222	DNAJB9
4.2915	3.509	1.22299800512967	DOCK4
11.58	6.221	1.8614370679955	MET
15.52	12.7	1.22204724409449	AASS
6.578	0.2815	23.3676731793961	GPR37
24.44	11.02	2.21778584392014	TSPAN33
13.64	5.735	2.37837837837838	SMO
3.804	2.043	1.86196769456681	CPA1
14.545	9.795	1.48494129657989	MEST
6.1365	3.727	1.64649852428226	SLC35B4
2.6635	0.5137	5.18493284017909	AKR1B10
31.05	20.8	1.49278846153846	TMEM140
4.4285	1.042	4.25	FAM180A
7.049	3.731	1.88930581613508	PRSS1
7.371	4.176	1.76508620689655	PRSS2
1.0905	0.4572	2.38517060367454	TRPV6
96.205	65.03	1.4793941257881	GSTK1
4.619	2.118	2.18083097261568	TMEM139
11.485	4.167	2.75617950563955	EPHA1
1.2465	0.916	1.36080786026201	ARHGEF35
144	59.4	2.42424242424242	PDIA4
36.7	19.1	1.92146596858639	ATP6V0E2
2.5475	0.5554	4.58678429960389	ACTR3C
11.59	5.684	2.03905700211119	LRRC61
7.217	4.257	1.69532534648814	ZBED6CL
542.2	65.2	8.3159509202454	RARRES2
642.25	40.25	15.9565217391304	TMEM176B
621.9	30.7	20.257328990228	TMEM176A
259.05	20.22	12.8115727002967	INSIG1
11.195	6.71	1.66840536512668	TDRP
5.283	3.245	1.62804314329738	KBTBD11
84.365	1.114	75.7315978456014	DEFB1
1.6665	0.7937	2.09965982109109	DEFA3
7.1655	2.168	3.30511992619926	CLDN23
44.85	18.32	2.44814410480349	PPP1R3B
15.13	6.681	2.264631043257	MSRA
4.7345	3.466	1.36598384304674	MICU3
89.5	17.49	5.11720983419097	SLC7A2
4.504	0.9931	4.53529352532474	NAT1
10.905	3.764	2.89718384697131	SH2D4A
16.01	13.16	1.21656534954407	BMP1
276.4	37.53	7.36477484678923	SLC39A14
36.645	26.91	1.36176142697882	TNFRSF10B
8.5455	4.951	1.72601494647546	TNFRSF10D
7.517	6.167	1.21890708610345	DOCK5
7.8235	6.336	1.23476957070707	TRIM35
86.545	13.2	6.55643939393939	EPHX2
751.3	129.9	5.78367975365666	CLU
8.7785	4.564	1.92342243645925	UBXN8
1.005	0.4204	2.39058039961941	NRG1
41.56	34.05	1.22055800293686	EIF4EBP1
6.917	4.459	1.55124467369365	BAG4
22.51	16.56	1.35929951690821	LYPLA1
32.365	2.838	11.4041578576462	GGH
2.6955	1.643	1.64059646987219	CYP7B1
11.625	6.746	1.72324340349837	MTFR1
10.305	0.6973	14.7784310913524	TRIM55
45.18	23.44	1.92747440273038	ADHFE1
22.325	9.882	2.25915806516899	LACTB2
20.035	9.533	2.10164691073114	RDH10
1.954	0.4756	4.10849453322119	ZFHX4
1.6975	0.6824	2.48754396248535	IL7
17.495	11.12	1.57329136690647	IMPA1
1.0365	0.4096	2.530517578125	SLC10A5
64.17	19.34	3.31799379524302	CA2
98.155	40.07	2.44958822061393	DECR1
51.585	16.99	3.03619776339023	TP53INP1
62.55	26.95	2.32096474953618	SDC2
4.7495	0.4275	11.1099415204678	ERICH5
420.25	15.64	26.8702046035806	RIDA
14.56	5.05	2.88316831683168	SYBU
12.245	6.261	1.95575786615557	EXT1
3.608	1.332	2.70870870870871	TNFRSF11B
15.265	12.4	1.23104838709677	MAL2
27.675	8.41	3.29072532699168	SNTB1
28.38	13.49	2.10378057820608	MTSS1
12.88	7.706	1.67142486374254	SQLE
34.61	24.17	1.43194042201076	TRIB1
36.11	18.11	1.99392600773054	THEM6
163.25	45.45	3.59185918591859	LY6E
6.972	4.722	1.47649301143583	TOP1MT
21.1	16.15	1.30650154798762	ZC3H3
50.31	30.17	1.66755054690089	GSDMD
4.835	2.079	2.32563732563733	MROH6
92.85	31.78	2.92164883574575	NAPRT
10.71	5.983	1.79007187029918	FAM83H
85.015	40.74	2.08676975945017	NRBP2
26.575	20.77	1.27948964853154	PARP10
225.3	133.3	1.69017254313578	GRINA
24.635	17.9	1.37625698324022	OPLAH
1.2715	0.9603	1.32406539623034	WDR97
1.1425	0.5178	2.20645036693704	TMEM249
41.92	27.96	1.49928469241774	PPP1R16A
127.75	9.025	14.1551246537396	GPT
30.985	20.55	1.50778588807786	MFSD3
24.315	14.01	1.7355460385439	C8orf82
22.97	17.31	1.32697862507221	KANK1
23.94	2.207	10.8473040326235	SLC1A1
3.266	1.174	2.78194207836457	SPATA6L
10.405	6.564	1.58516148689823	PLPP6
24.795	6.613	3.74943293512778	RCL1
39.47	0.3158	124.984167194427	GLDC
1.865	1.392	1.33979885057471	PTPRD
12.275	5.542	2.21490436665464	LURAP1L
2.805	1.342	2.09016393442623	CNTLN
114.95	33.55	3.42622950819672	PLIN2
5.5175	0.7124	7.74494665918024	DMRTA1
10.145	7.655	1.32527759634226	CAAP1
35.47	15.02	2.36151797603196	ACO1
52.73	43.81	1.20360648253823	B4GALT1
10.02	3.819	2.62372348782404	AQP7
61.4	7.418	8.27716365597196	AQP3
2.3405	0.2306	10.1496097137901	PRSS3
7.01	0.7431	9.43345444758444	ENHO
106.6	29.97	3.55689022355689	SIGMAR1
62.975	26.17	2.40638135269392	GALT
12.995	3.333	3.8988898889889	CCL19
22.3	13.74	1.62299854439592	CCL21
43.255	23.34	1.85325621251071	HINT2
33.35	7.385	4.51591062965471	GNE
105.8	30.12	3.51261620185923	GRHPR
20.75	14.91	1.39168343393696	SHB
40.105	11.63	3.44840928632846	ALDH1B1
1.866	1.383	1.34924078091106	CBWD5
8.2295	6.149	1.33834769881282	FXN
32.53	22.03	1.47662278710849	TJP2
4.98	1.983	2.51134644478064	APBA1
212	88.28	2.40144993203444	ALDH1A1
5.6825	4.686	1.21265471617584	CARNMT1
82.835	4.723	17.5386406944739	PSAT1
14.48	4.714	3.07170131523123	IDNK
9.8945	7.338	1.34839193240665	CKS2
115.75	39.83	2.90610092894803	GADD45G
61.24	46.35	1.32125134843581	NFIL3
8.4645	6.532	1.29585119412125	ASPN
8.2145	4.106	2.0006088650755	ECM2
10.745	2.046	5.25171065493646	SUSD3
341.4	14.56	23.4478021978022	FBP1
8.829	2.297	3.84370918589465	FANCC
6.523	1.485	4.39259259259259	HSD17B3
26.845	14.68	1.82867847411444	SLC35D2
8.003	5.474	1.46200219218122	CDC14B
13.705	3.539	3.87256287086748	TRIM14
1.9935	1.207	1.65161557580779	CORO2A
6.406	5.139	1.24654602062658	TBC1D2
107.35	86.25	1.24463768115942	SEC61B
2547	0.6716	3792.43597379393	ALDOB
18.48	6.722	2.74918179113359	ABCA1
12.14	7.28	1.66758241758242	SLC44A1
16.035	4.673	3.4314145088808	EPB41L4B
15.505	8.607	1.80144068781225	PTPN3
121.5	84.73	1.43396671780951	TXN
128.65	13.58	9.47349042709867	PTGR1
21.73	7.63	2.84796854521625	DNAJC25
54.075	32.54	1.66180086047941	HSDL2
31.975	8.717	3.66811976597453	SLC31A1
67.3	20.74	3.24493731918997	HDHD3
52.365	25	2.0946	ALAD
1.066	0.4409	2.41778180993423	C9orf43
3209.5	0.3155	10172.7416798732	AMBP
21.61	0.6123	35.2931569492079	KIF12
16.855	5.71	2.95183887915937	COL27A1
8805.5	0.9871	8920.57542295613	ORM1
3515	0.2753	12767.8895750091	ORM2
13.14	8.272	1.5884912959381	MEGF9
121.1	2.699	44.868469803631	C5
149.65	111.7	1.33974932855864	STOM
27.395	6.634	4.12948447392222	NEK6
1.8665	1.421	1.31351161154117	NR6A1
17.135	7.233	2.36900317987004	RABEPK
12.54	10.37	1.2092574734812	SLC2A8
54.4	23.99	2.26761150479366	SLC25A25
4.845	2.424	1.99876237623762	LCN2
11.045	8.597	1.2847504943585	TRUB2
20.01	16.14	1.23977695167286	SLC27A4
13.75	10.11	1.36003956478734	ZDHHC12
25.365	16.38	1.5485347985348	PHYHD1
18.42	7.577	2.43104130922529	DOLPP1
76.345	36.88	2.07009219088937	CRAT
595.5	44.84	13.2805530776093	ASS1
2.6195	1.292	2.02747678018576	LAMC3
126.85	91.7	1.38331515812432	SURF4
15.915	3.003	5.2997002997003	ADAMTS13
32.465	12.43	2.61182622687048	CACFD1
17.985	10.15	1.77192118226601	ADAMTSL2
4.1195	0.2148	19.1783054003724	FAM163B
23.565	0.6979	33.7655824616707	DBH
43.98	1.597	27.5391358797746	SARDH
27.755	12.59	2.20452740270056	VAV2
45.29	26.62	1.70135236664162	RXRA
38.69	0.2287	169.173589855706	FCN2
1.0395	0.7895	1.31665611146295	FCN1
46.625	36.06	1.29298391569606	PMPCA
273.2	67.23	4.06366205562993	AGPAT2
79.145	61.77	1.28128541363121	TMEM141
17.155	8.023	2.13822759566247	MAMDC4
372.95	1.606	232.222914072229	C8G
15.665	1.94	8.07474226804124	LCN12
16.015	9.835	1.62836807320793	TPRN
1.4895	0.3021	4.9304865938431	FAM166A
2.504	0.4829	5.18533857941603	STPG3
11.065	0.2246	49.2653606411398	ENTPD8
49.28	38.32	1.28601252609603	IDI1
32.995	7.653	4.31138115771593	AKR1C1
33.375	6.638	5.02786984031335	AKR1C2
57.345	15.15	3.78514851485148	AKR1C3
36.165	12.81	2.8231850117096	ASB13
2.554	2.034	1.25565388397247	USP6NL
84.245	27.25	3.09155963302752	ECHDC3
14.14	2.966	4.76736345246123	PROSER2
51.18	11.88	4.30808080808081	DHTKD1
18.975	11.46	1.65575916230366	NUDT5
102.4	37.83	2.70684641818662	PHYH
26.125	11.61	2.25021533161068	FAM107B
8.118	5.836	1.39102124742975	NMT2
8.531	4.109	2.07617425164274	MRC1
24.15	8.499	2.84151076597247	NSUN6
8.9165	6.525	1.36651340996169	ARL5B
6.7395	2.365	2.84968287526427	THNSL1
18.845	2.974	6.33658372562206	APBB1IP
16.8	13.76	1.22093023255814	ACBD5
9.4155	6.186	1.52206595538312	BAMBI
37.395	30.8	1.21412337662338	CXCL12
13.725	10.38	1.32225433526012	AGAP9
43.47	0.8168	53.2198824681685	OGDHL
2.091	1.478	1.41474966170501	ASAH2B
29.055	16.87	1.72228808535862	NRBF2
19.095	2.475	7.71515151515151	DNAJC12
92.735	3.516	26.3751422070535	PBLD
2.696	1.925	1.40051948051948	DNA2
9.701	5.59	1.73542039355993	SLC25A16
16.93	9.451	1.79134483123479	LRRC20
3.61	2.218	1.62759242560866	PRF1
14.265	11.42	1.24912434325744	SGPL1
151.95	51.89	2.92830988629794	PCBD1
5.334	3.248	1.64224137931034	SLC29A3
2.7635	1.385	1.99530685920578	CDH23
5.11	3.856	1.32520746887967	NUDT13
30.54	10.68	2.85955056179775	ADK
86.35	49.07	1.75973099653556	PPIF
13.33	7.522	1.77213507045998	TMEM254
306.2	61.58	4.97239363429685	GLUD1
13.32	7.383	1.80414465664364	MINPP1
48.33	11.19	4.31903485254692	PAPSS2
1.6645	1.001	1.66283716283716	LIPF
4.0865	2.673	1.52880658436214	IFIT2
12.915	1.996	6.47044088176353	PANK1
86.96	17.35	5.01210374639769	PPP1R3C
4.721	3.739	1.26263706873496	CPEB3
43.44	5.026	8.64305610823717	HHEX
4153	3.757	1105.40324727176	RBP4
662.55	1.223	541.741618969746	CYP2C8
22.795	3.12	7.30608974358974	BLNK
26.46	2.223	11.9028340080972	PIK3AP1
7.7205	3.388	2.27877804014168	FRAT1
11.9	8.546	1.39246431078867	FRAT2
29.94	2.495	12	HOGA1
26.92	17.55	1.53390313390313	AVPI1
4.6625	1.431	3.25821104122991	SFRP5
178.95	50.61	3.53586247777119	GOT1
60.1	0.7252	82.8736900165472	ABCC2
28.885	8.798	3.28313253012048	ERLIN1
159.65	9.777	16.3291398179401	SCD
34.77	3.865	8.99611901681759	SEMA4G
5.445	2.824	1.92811614730878	SFXN2
1.95	0.952	2.04831932773109	CYP17A1
28.7	22.08	1.29981884057971	BORCS7
25.12	10.41	2.41306436119116	AS3MT
147.05	87.09	1.68848317832128	GSTO1
36.37	3.349	10.8599581964766	GPAM
41.615	6.275	6.63187250996016	ACSL5
7.6565	3.499	2.18819662760789	GFRA1
2.5445	1.065	2.38920187793427	PNLIP
11.97	8.524	1.40427029563585	SHTN1
216.9	150.3	1.44311377245509	PRDX3
7.4775	3.003	2.49000999000999	FGFR2
82.85	54.33	1.52494018037916	HTRA1
97.035	14.54	6.67365887207703	ACADSB
16.31	6.765	2.41093865484109	LHPP
37.985	12.17	3.12119967132293	MGMT
42	31.3	1.34185303514377	BNIP3
2.6675	0.4114	6.48395721925134	KNDC1
5.738	4.301	1.33410834689607	ADAM8
281.35	0.3019	931.931103014243	PRAP1
83.88	6.807	12.3226090788894	FUOM
654.15	124.2	5.26690821256039	ECHS1
8.6985	3.678	2.36500815660685	PAOX
51.185	25.65	1.99551656920078	MTG1
7.3825	3.321	2.22297500752785	SPRN
2551	2.817	905.573304934327	CYP2E1
1.603	0.2367	6.77228559357837	NLRP6
331.3	187.9	1.76317189994678	IFITM2
991.25	572.4	1.73174353598882	IFITM3
44.865	25.05	1.79101796407186	SIGIRR
16.435	7.092	2.31739988719684	LMNTD2
38.5	21.19	1.81689476168004	RASSF7
39.295	18.57	2.11604738826064	IRF7
84.32	0.2316	364.075993091537	CDHR5
78.055	20.89	3.73647678314983	EPS8L2
20.96	14.26	1.46984572230014	SLC25A22
44.55	26.79	1.66293393057111	TOLLIP
13.655	1.307	10.4475899005356	IFITM10
83.48	16.94	4.92798110979929	IGF2
3.39	0.3776	8.97775423728813	SLC22A18AS
38.895	9.257	4.20168521119153	SLC22A18
367.35	217.9	1.68586507572281	HBB
4.519	2.139	2.11266947171576	HBD
2000.5	0.9486	2108.89732236981	HPX
4.1535	3.21	1.29392523364486	DNHD1
11.975	7.081	1.69114531845785	PPFIBP2
7.0405	5.463	1.28876075416438	TRIM66
18.5	13.56	1.36430678466077	TMEM41B
5.56	1.576	3.52791878172589	PDE3B
1946.5	0.7619	2554.79721748261	SAA2
8842	8.275	1068.51963746224	SAA1
13.73	5.608	2.44828815977175	HPS5
243.05	175.8	1.3825369738339	LDHA
7.1795	5.421	1.32438664453053	NAV2
8.5265	1.563	5.45521433141395	GAS2
18.925	11.52	1.64279513888889	LGR4
12.445	8.962	1.3886409283642	LIN7C
7.7345	2.227	3.47305792546026	PRRG4
37.14	1.45	25.6137931034483	DEPDC7
7.721	5.902	1.30820060996272	ABTB2
181.15	55.21	3.28110849483789	CAT
5.393	0.3818	14.1251964379256	SLC1A2
16.81	13.24	1.26963746223565	ACCS
44.985	8.824	5.09802810516772	SLC35C1
16.39	13.57	1.20781134856301	PEX16
48.12	26.1	1.84367816091954	ACP2
33.93	10.27	3.30379746835443	NR1H3
64.69	30.57	2.11612692181878	MTCH2
2.1195	0.5122	4.13803201874268	AGBL2
4.9345	0.259	19.0521235521236	FOLH1
5.3695	0.7634	7.03366518208017	PRG2
75.015	16.01	4.68550905683948	SLC43A3
14.6	1.38	10.5797101449275	RTN4RL2
69	13.13	5.25514089870526	SLC43A1
48.63	26.11	1.86250478743776	UBE2L6
1082	186.4	5.80472103004292	SERPING1
19.335	6.834	2.82923617208077	DTX4
38.505	31.67	1.2158193874329	OSBP
9.3925	6.533	1.4377009031073	MS4A6A
1.8605	0.934	1.99197002141328	MS4A4E
10.865	0.9834	11.0484034980679	VWCE
40.095	9.26	4.32991360691145	TKFC
44.22	3.972	11.1329305135952	SYT7
10.575	0.9031	11.7096667035766	MYRF
8.9805	5.772	1.55587318087318	FADS1
27.65	6.545	4.22459893048128	FADS2
3.5525	2.804	1.26694008559201	LBHD1
51.45	22.83	2.25361366622865	TM7SF2
81.195	55.42	1.46508480692891	SYVN1
42.73	30.24	1.4130291005291	MAP3K11
3.345	1.616	2.06992574257426	CTSW
73.71	54.11	1.36222509702458	YIF1A
54.12	30.59	1.76920562275253	CCS
11.51	0.9782	11.7665099161726	SPTBN2
115	6.085	18.898931799507	PC
54.86	19.65	2.79185750636132	RHOD
91.53	51.17	1.78874340433848	POLD4
68.705	55.31	1.2421804375339	CDK2AP2
27.5	18.45	1.49051490514905	NUDT8
38.7	18.03	2.14642262895175	C11orf24
40.615	19.06	2.13090241343127	LRP5
31.555	19.01	1.6599158337717	CPT1A
18.075	5.648	3.20024787535411	ANO1
2.026	1.218	1.66338259441708	SHANK2
60.19	11.32	5.31713780918728	DHCR7
5.6945	4.479	1.27137753962938	CLPB
233.55	35.64	6.5530303030303	STARD10
2.484	0.684	3.63157894736842	CHRDL2
92.5	10.13	9.13129318854886	SLCO2B1
94.47	3.51	26.9145299145299	DGAT2
77.455	13.66	5.67020497803807	TSKU
37.725	6.074	6.21089891340138	CAPN5
12.725	2.188	5.81581352833638	MYO7A
6.1565	1.242	4.95692431561997	AQP11
2.9055	1.814	1.60170893054024	KCTD14
126.25	0.4426	285.24627202892	THRSP
10.021	8.347	1.20055109620223	ALG8
10.15	5.195	1.95380173243503	KCTD21
9.3815	6.801	1.3794294956624	USP35
45.31	27.64	1.63929088277858	SMCO4
22.965	9.514	2.41381122556233	C11orf54
91.455	34.97	2.61524163568773	TMEM123
126.75	33.93	3.73563218390805	ACAT1
2.335	0.5957	3.91975826758435	EXPH5
23.365	13.66	1.71046852122987	FDX1
66.93	9.356	7.15369816160753	PPP2R1B
9.897	7.614	1.29984239558708	C11orf52
71.97	57.74	1.24644960166263	SDHD
19.805	3.756	5.27289669861555	BCO2
27.835	16.97	1.64024749558044	PTS
642.2	52.01	12.347625456643	NNMT
10.37	7.826	1.32507027855865	C11orf71
7600	0.2152	35315.9851301115	APOC3
5952.5	2.052	2900.82846003899	APOA1
2.043	0.6968	2.93197474167623	FXYD2
2.704	2.211	1.22297602894618	CD3E
78.12	0.7203	108.454810495627	TTC36
8.8395	6.025	1.46713692946058	TMEM25
1.824	0.2101	8.68158019990481	TREH
77.185	17.1	4.51374269005848	SLC37A4
181.4	25.08	7.23285486443381	OAF
72.685	12.11	6.00206440957886	SC5D
21.295	4.435	4.80157835400226	SORL1
96.445	50.9	1.89479371316306	EI24
13.705	8.983	1.52565957920517	PUS3
25.67	16.95	1.51445427728614	FOXRED1
43.715	12.94	3.37828438948995	DCPS
9.547	1.032	9.25096899224806	TMEM45B
1.4595	0.4172	3.49832214765101	B3GAT1
18.005	0.5033	35.7738923107491	SLC6A12
15.245	0.5897	25.8521282007801	SLC6A13
37.075	28.26	1.31192498230715	ADIPOR2
1.306	1.031	1.26673132880698	FOXM1
2.0365	0.7622	2.67187090002624	NTF3
1.456	0.7081	2.05620675045897	PLEKHG6
78.235	60.79	1.28697154137194	TNFRSF1A
88.215	53.95	1.63512511584801	LTBR
567.15	160.5	3.53364485981308	PTMS
2.707	1.15	2.35391304347826	LAG3
21.87	5.72	3.82342657342657	CD4
598.75	103.9	5.76275264677575	C1S
1267	199.8	6.34134134134134	C1R
87.365	20.61	4.23896166909267	C1RL
145.65	4.514	32.2662826761187	RBP5
25.84	12.7	2.03464566929134	CLSTN3
347.15	217	1.59976958525346	A2M
7.4015	0.2827	26.1814644499469	PZP
2.14	0.733	2.91950886766712	KLRB1
1.3225	0.7769	1.70227828549363	KLRF1
4.338	2.415	1.79627329192547	KLRK1
9.662	6.841	1.41236661306826	LRP6
20.495	13.14	1.55974124809741	DUSP16
28.83	21.03	1.37089871611983	HEBP1
1.425	0.8677	1.64227267488763	C12orf60
6.955	0.9628	7.22372247611134	ART4
19.12	12.68	1.50788643533123	DERA
143.85	9.331	15.4163540885221	MGST1
26.285	20.86	1.26006711409396	KCNJ8
8.6905	7.135	1.21800981079187	ABCC9
2.478	0.8046	3.07979120059657	SOX5
8.559	3.965	2.15863808322825	ITPR2
1.2645	0.5764	2.19378903539209	ARNTL2
6.111	3.512	1.74003416856492	PKP2
94.22	78.31	1.20316690077896	SLC38A2
144.75	0.4849	298.515157764488	SLC38A4
32.12	3.199	10.040637699281	RND1
16.51	0.2522	65.4639175257732	DNAJC22
326.55	151.9	2.14976958525346	TMBIM6
72.715	4.019	18.0928091565066	GPD1
16.54	13.01	1.27132974634896	LARP4
139.9	50.71	2.75882468941037	METTL7A
2.78	2.104	1.3212927756654	BIN2
1.409	0.2683	5.25158404770779	SCN8A
1.1795	0.9629	1.22494547720428	KRT6A
1.898	1.514	1.25363276089828	KRT4
106.8	64.08	1.66666666666667	KRT8
223.4	94.41	2.36627475902976	KRT18
1.5735	0.2159	7.28809634089856	SOAT2
35.545	20.47	1.73644357596483	CSAD
1.44	0.8265	1.74228675136116	ITGB7
42.52	4.238	10.0330344502124	PPP1R1A
83.135	3.219	25.8263435849643	METTL7B
30.795	9.148	3.36630957586358	RDH5
1.8805	0.7417	2.53539166779021	PMEL
27.345	13.89	1.96868250539957	SUOX
33.195	5.291	6.27386127386127	ERBB3
107	0.2843	376.36299683433	SLC39A5
45.795	37.12	1.23370150862069	CNPY2
1.0575	0.694	1.52377521613833	IL23A
59.175	37.91	1.56093379055658	STAT2
8.015	5.652	1.41808209483369	TIMELESS
17.45	4.209	4.14587788073177	SPRYD4
16.1	0.7133	22.5711481844946	GLS2
289.85	0.7695	376.673164392463	HSD17B6
247.6	0.5721	432.791470022723	RDH16
56.77	39.35	1.44269377382465	LRP1
131.55	30.39	4.32872655478776	SHMT2
3.9835	3.221	1.23672772430922	ARHGAP9
9.9735	1.009	9.88453914767096	AVPR1A
6.9685	5.068	1.375	CPM
5.456	4.025	1.35552795031056	LIN7A
8.379	3.434	2.44001164822365	ACSS3
29.535	19.77	1.49393019726859	DUSP6
6.408	4.904	1.30668841761827	CRADD
64.5	0.5276	122.251705837756	AMDHD1
86.91	0.303	286.831683168317	HAL
13.84	3.317	4.17244498040398	IGF1
17.275	3.215	5.37325038880249	SLC41A2
36.05	23.12	1.55925605536332	ACACB
21.78	8.288	2.62789575289575	MMAB
26.95	7.434	3.62523540489642	MVK
4.76	1.259	3.78077839555203	TRPV4
14.345	10.35	1.38599033816425	ACAD10
183.3	39.02	4.69759097898514	ALDH2
7.1645	2.682	2.67132736763609	OAS1
11.41	2.261	5.04643962848297	DTX1
17.13	13.38	1.28026905829596	RITA1
385.5	0.5482	703.210507114192	SDS
33.245	5.348	6.21634255796559	SDSL
20.38	9.63	2.11630321910696	TBX3
997.85	341.9	2.91854343375256	PEBP1
253.1	193.8	1.30598555211558	COX6A1
25.44	20.92	1.21606118546845	TRIAP1
155.2	42.83	3.62362829792202	ACADS
2.8825	0.5215	5.52732502396932	OASL
1.938	1.247	1.55412991178829	P2RX7
1002	1.484	675.202156334232	HPD
16.055	9.439	1.70092170780803	PITPNM2
92.13	72.89	1.26395939086294	TMED2
102.05	8.935	11.4213766088416	SCARB1
4.374	3.108	1.40733590733591	BRI3BP
16.545	1.189	13.9150546677881	GLT1D1
12.745	0.2871	44.3921978404737	LRCOL1
124	18.28	6.78336980306346	PXMP2
17.555	0.5257	33.3935704774586	GJB2
106.7	22.43	4.75702184574231	CRYL1
9.303	6.861	1.35592479230433	LNX2
29.615	10.04	2.94970119521912	SLC46A3
22.225	8.249	2.69426597163293	N4BP2L1
30.005	2.958	10.1436781609195	SLC25A15
2.912	2.414	1.2062966031483	KBTBD7
18.535	12.14	1.52677100494234	SLC25A30
15.67	12.85	1.21945525291829	COG3
29.4	11.35	2.59030837004405	ZC3H13
13.31	6.289	2.11639370329146	LCP1
45.595	16.63	2.74173180998196	EBPL
8.517	2.151	3.95955369595537	ATP7B
5.327	1.881	2.83200425305688	GPC6
15.44	7.914	1.95097295931261	TGDS
3.391	2.544	1.33294025157233	GPR180
7.1455	2.648	2.69845166163142	CLYBL
14.275	6.991	2.04191102846517	PCCA
3.3595	1.517	2.21456822676335	GGACT
11.83	4.424	2.67405063291139	TEX30
31.45	22.39	1.40464493077267	RAB20
61.12	49.14	1.24379324379324	NAXD
73.38	5.258	13.955876759224	F10
65.08	0.2893	224.956792257172	PROZ
29.935	4.048	7.39500988142293	GRTP1
26.78	20.01	1.33833083458271	PNP
164.65	26.67	6.17360329958755	RNASE4
726.8	11.03	65.8930190389846	ANG
25.545	20.85	1.22517985611511	ARHGEF40
8.0865	3.051	2.65044247787611	AJUBA
19.865	11.63	1.70808254514187	DHRS4
25.945	11.51	2.25412684622068	DHRS4L2
126.55	9.61	13.1685744016649	PCK2
71.66	42.16	1.69971537001898	DCAF11
10.92	6.077	1.79693927924963	FITM1
102.5	75.6	1.35582010582011	PSME2
56.125	16.89	3.32297217288336	DHRS1
1.2475	0.9317	1.33895030589245	GZMH
1.3175	0.895	1.47206703910615	GZMB
4.5585	0.8005	5.6945658963148	SSTR1
6.81	4.913	1.38611846122532	MGAT2
1.1175	0.7872	1.41958841463415	POLE2
55.31	10.21	5.41723800195886	PYGL
10.11	7.054	1.43322937340516	STYX
14.69	5.937	2.47431362641065	GNPNAT1
27.745	15.42	1.79928664072633	CNIH1
49.03	5.014	9.77861986437974	GCH1
13.96	8.726	1.59981663992666	SGPP1
36.32	10.38	3.4990366088632	MTHFD1
215.45	0.5285	407.663197729423	GPX2
10.43	7.219	1.44479844853858	GPHN
9.131	1.077	8.47818012999072	PLEK2
53.52	27.92	1.91690544412607	RDH11
1.171	0.2212	5.29385171790235	RDH12
38.74	3.74	10.3582887700535	SMOC1
1.427	1.033	1.38141335914811	DPF3
11.73	4.556	2.57462686567164	ACOT1
28.735	16.54	1.73730350665054	ACOT2
8.1175	0.8675	9.35734870317003	ACOT4
18.69	4.267	4.38012655261308	ENTPD5
68.94	12.03	5.73067331670823	ALDH6A1
10.66	3.923	2.71730818251338	FLVCR2
51.525	10.87	4.74011039558418	GSTZ1
5.7145	4.632	1.23370034542314	ZC3H14
7.193	4.524	1.58996463306808	RIN3
1.44	0.2204	6.53357531760436	PPP4R4
5944.5	8.356	711.404978458593	SERPINA1
103.95	5.492	18.9275309541151	SERPINA5
1424.5	34.21	41.6398713826367	SERPINA3
7.757	6.248	1.24151728553137	CLMN
20.39	15.04	1.35571808510638	EVL
36.725	0.9833	37.3487236855487	AMN
45.845	0.6757	67.8481574663312	EXOC3L4
69.8	1.736	40.2073732718894	ASPG
1.1565	0.8607	1.34367375392123	C14orf180
1.2945	0.3912	3.3090490797546	GOLGA8M
5.378	1.076	4.99814126394052	SCG5
66.23	28.78	2.30125086865879	IVD
20.69	16.4	1.26158536585366	RMDN3
32.46	2.973	10.9182643794147	GCHFR
2.6625	2.153	1.23664653971203	C15orf62
14.975	10.78	1.389146567718	ZFYVE19
3.344	2.739	1.22088353413655	CHAC1
67.925	45.87	1.48081534772182	CHP1
2.0665	1.54	1.34188311688312	LTK
49.79	2.372	20.9907251264756	SORD
8.6265	2.504	3.44508785942492	SHF
322.75	12.87	25.0777000777001	GATM
87.18	0.6137	142.056379338439	SLC27A2
17.365	10.71	1.62138188608777	CGNL1
110	0.7528	146.121147715197	AQP9
26.8	0.2257	118.741692512184	LIPC
8.174	6.08	1.34440789473684	MYO1E
24.535	18.23	1.34585847504114	CLPX
14.38	9.59	1.49947862356621	HACD3
7.4045	4.456	1.6616921005386	GLCE
2.0225	0.9736	2.07734182415776	CYP11A1
25.815	21.34	1.20970009372071	CSK
90.855	50.67	1.79307282415631	ETFA
19.21	14.39	1.33495482974288	TBC1D2B
99.85	13.46	7.41827637444279	MTHFS
5.5995	3.345	1.67399103139013	ST20
2.7555	1.426	1.93232819074334	BCL2A1
52.355	8.253	6.34375378650188	FAH
23.985	3.208	7.47662094763092	STARD5
6.951	2.765	2.51392405063291	KLHL25
35.605	19.74	1.80369807497467	ABHD2
12.205	1.986	6.14551863041289	PLIN1
10.007	5.896	1.69725237449118	PEX11A
159.8	7.767	20.5742242822196	ANPEP
184.75	79.52	2.32331488933602	IDH2
192.95	65.76	2.93415450121654	FURIN
14.015	10.54	1.32969639468691	FES
4.654	3.625	1.28386206896552	LRRC28
3.437	1.315	2.61368821292776	ADAMTS17
21.315	2.311	9.22327996538295	PCSK6
130.55	73.68	1.77185124864278	HBA2
10.13	6.541	1.5486928604189	HBA1
62.24	40.04	1.55444555444555	NME4
94.17	11.81	7.97375105842506	DECR2
31.69	24.12	1.31384742951907	MCRIP2
5.219	3.172	1.6453341740227	BAIAP3
65.24	0.703	92.8022759601707	IGFALS
43.52	25.54	1.70399373531715	HAGH
20.425	11.26	1.8139431616341	FAHD1
102.5	23.48	4.36541737649063	MSRB1
5.9615	0.2195	27.1594533029613	NPW
125.25	77.34	1.61947245927075	SLC9A3R2
17.505	7.697	2.27426269975315	NTHL1
12.655	1.025	12.3463414634146	RAB26
63.34	44.9	1.41069042316258	ECI1
3.072	0.9923	3.09583795223219	CLDN9
1.8735	1.34	1.39813432835821	MMP25
93.74	32.93	2.8466443972062	IL32
98.415	5.671	17.3540821724564	ABAT
25.775	14.35	1.79616724738676	CARHSP1
9.686	4.422	2.19041157847128	ATF7IP2
3.2215	1.68	1.91755952380952	DEXI
8.905	4.876	1.82629204265792	CPPED1
45.64	35.77	1.27592954990215	PDXDC1
5.248	2.547	2.06046329014527	MPV17L
40.805	1.663	24.5369813589898	ABCC6
85.375	46.47	1.83720680008608	ARL6IP1
5.4115	1.228	4.40675895765472	SYT17
75.14	2.337	32.1523320496363	ACSM5
6.62	1.371	4.82859226841721	ACSM3
1.1955	0.5062	2.361714737258	ACSM1
4.0625	3.237	1.25502008032129	ERI2
6.748	5.563	1.21301456048894	DCUN1D3
17.93	13.05	1.37394636015326	LYRM1
3.3195	0.6369	5.21196420160151	CRYM
36.39	2.886	12.6091476091476	KDM8
52.945	21.48	2.46485102420857	IL4R
1.961	1.481	1.32410533423363	APOBR
49.225	27.14	1.81374355195284	NUPR1
16.49	1.733	9.51529140219273	SULT1A2
54.885	12.82	4.28120124804992	SULT1A1
120.7	12.07	10	QPRT
241.35	35.26	6.844866704481	SEPHS2
7.4855	1.787	4.18886401790711	ITGAL
35.885	13.9	2.58165467625899	ORAI3
110.55	13.22	8.36232980332829	HSD3B7
4.123	0.9965	4.13748118414451	STX1B
15.755	4.041	3.89878742885424	PRSS53
244.25	76.95	3.17413905133203	VKORC1
12.14	9.876	1.22924260834346	PRSS8
3.724	2.767	1.34586194434406	ITGAX
6.6765	3.547	1.88229489709614	COX6A2
12.135	9.495	1.27804107424961	ARMC5
2.6745	2.139	1.25035063113605	C16orf87
65.715	9.893	6.64257555847569	GPT2
32.69	18.44	1.77277657266811	LONP2
403.2	7.386	54.5897644191714	CES1
5.7515	1.386	4.1497113997114	GNAO1
1741.5	329.2	5.29009720534629	MT2A
419	80.04	5.23488255872064	MT1E
112	20.4	5.49019607843137	MT1M
63.335	12.65	5.00671936758893	MT1A
130.75	10.22	12.793542074364	MT1F
1158.5	7.676	150.924960917144	MT1G
178.75	0.5453	327.801210342931	MT1H
903.2	278.1	3.24775260697591	MT1X
2.3485	0.7104	3.30588400900901	CETP
1.7645	1.336	1.32073353293413	ADGRG3
31.525	17.17	1.83605125218404	MMP15
147.45	91.12	1.618195785777	GOT2
2.9085	2.408	1.2078488372093	PDP2
93.055	24.15	3.85320910973085	CES2
26.985	1.049	25.7244995233556	CES3
9.663	6.093	1.58591826686361	CES4A
28.16	11.83	2.3803888419273	C16orf70
54.06	33.93	1.59328028293546	TMEM208
3.739	2.731	1.3690955693885	HSD11B2
12.3	4.935	2.49240121580547	GFOD2
19.37	14.95	1.29565217391304	RANBP10
1.5575	1.221	1.27559377559378	TSNAXIP1
117.3	20.35	5.76412776412776	LCAT
40.375	6.22	6.4911575562701	ESRP2
24.525	13.39	1.83159073935773	CDH1
25.51	14.06	1.81436699857752	PDF
2.268	0.8185	2.77092241905925	TMED6
6.9165	5.65	1.2241592920354	CMTR2
1.479	0.5109	2.89489136817381	MARVELD3
43.83	3.874	11.3138874548271	DHODH
8.9285	7.419	1.20346407871681	TXNL4B
12260	2.222	5517.55175517552	HP
364.6	0.5854	622.82200204988	HPR
17.67	5.652	3.12632696390658	NPIPB15
91.715	24.33	3.76962597616112	LDHD
5.8755	3.608	1.6284645232816	ZFP1
1.784	0.9233	1.93219971840139	CTRB2
1.6365	0.922	1.77494577006508	CTRB1
7.8225	2.843	2.75149489975378	NUDT7
1.8635	1.149	1.62184508268059	C16orf46
9.99	4.853	2.05852050278178	GCSH
4.0905	2.514	1.62708830548926	PLCG2
50.02	6.613	7.56388930893694	OSGIN1
4.9855	0.4517	11.0371928270976	NECAB2
5.4925	1.928	2.84880705394191	IRF8
2.039	1.082	1.88447319778189	FOXF1
1.8155	1.113	1.63117699910153	C16orf95
5.1015	3.434	1.48558532323821	ZFPM1
35.16	26.72	1.31586826347305	CDK10
1.295	0.8239	1.57179269328802	FANCA
3.0845	1.295	2.38185328185328	SPIRE2
4.316	2.39	1.80585774058577	TLCD2
1119	4.42	253.16742081448	SERPINF2
279.75	141.2	1.98123229461756	SERPINF1
87.505	46.54	1.88021057155135	CLUH
14.015	6.242	2.24527395065684	TRPV1
16.77	7.889	2.12574470782102	SHPK
2.171	1.578	1.37579214195184	ZMYND15
5.723	1.957	2.92437404190087	VMO1
54.88	0.6364	86.2350722815839	GLTPD2
4.6215	2.819	1.63941113870167	CHRNE
1.977	1.54	1.28376623376623	C17orf107
35.865	15.39	2.33040935672515	ENO3
26.12	19.87	1.31454453950679	TXNDC17
2.747	1.834	1.49781897491821	C17orf100
11.12	6.841	1.6254933489256	XAF1
21.105	1.322	15.964447806354	SLC16A13
2.7955	2.007	1.39287493771799	SLC16A11
2.6425	2.104	1.25594106463878	CLEC10A
394.9	0.2744	1439.13994169096	ASGR2
408.8	0.7131	573.271630907306	ASGR1
616	500.2	1.23150739704118	ACADVL
8.5285	4.432	1.92430054151625	CLDN7
2.0085	1.492	1.34617962466488	YBX2
69.59	52.74	1.3194918467956	TMEM256
45.18	23.87	1.89275240888144	MPDU1
11.585	0.3747	30.9180677875634	SHBG
197.75	98.36	2.01047173647824	SAT2
3.6075	1.463	2.46582365003418	USP43
25.5	4.525	5.6353591160221	TMEM220
13.78	1.132	12.1731448763251	HS3ST3B1
15.325	8.598	1.78239125377995	CENPV
86.235	49.23	1.75167580743449	RASD1
111.9	15.66	7.1455938697318	PEMT
93.265	30.59	3.04887218045113	SREBF1
181.15	9.412	19.2467063323417	SHMT1
11.225	6.064	1.85108839050132	FAM83G
41.215	5.196	7.93206312548114	SLC47A1
59.375	33.06	1.79597701149425	ALDH3A2
25.07	5.076	4.93892828999212	TMEM97
135.65	92.79	1.46190322232999	POLDIP2
2575.5	2.096	1228.76908396947	VTN
12.11	3.22	3.76086956521739	SLC46A1
26.42	9.996	2.64305722288916	ALDOC
7.8105	2.343	3.33354673495519	SPAG5
4.5855	2.567	1.78632645111025	TLCD1
24.765	14.61	1.69507186858316	TRAF4
83.95	57.48	1.46050800278358	FLOT2
3.583	2.907	1.23254213966288	DHRS13
126.35	0.3115	405.61797752809	PIPOX
5.675	3.919	1.44807348813473	TIAF1
13.465	7.467	1.80326771126289	ABHD15
11.51	9.282	1.24003447532859	RFFL
7.1575	4.771	1.50020959966464	CCL5
56.045	0.2789	200.950161348153	CCL16
14.215	9.32	1.52521459227468	CCL14
2.4225	0.665	3.64285714285714	CCL23
4.973	1.387	3.58543619322278	CCL3
5.446	2.847	1.91289076220583	CCL4
3.8045	0.5759	6.60618162875499	SRCIN1
2.0135	1.217	1.6544782251438	EPOP
85.935	38.32	2.24256263048017	CISD3
50.765	11.27	4.50443655723159	GSDMB
89.675	31.38	2.85771191841938	ORMDL3
991.9	330.9	2.99758235116349	IGFBP4
1.0295	0.3508	2.93472063854048	KRT222
3.8055	2.653	1.43441387108933	KRT13
13.59	8.43	1.61209964412811	DHX58
2.5185	0.4438	5.67485353762956	HSPB9
2.3315	1.426	1.63499298737728	AOC2
2.259	0.7692	2.93681747269891	RND2
32.465	10.97	2.95943482224248	ARL4D
39.8	1.144	34.7902097902098	NAGS
41.585	11.22	3.70632798573975	ACBD4
6.331	0.7333	8.63357425337515	WNT3
26.95	10.18	2.64734774066798	PNPO
5.5325	1.057	5.23415326395459	SKAP1
15.55	11.32	1.37367491166078	NGFR
15.18	2.851	5.32444756225886	CHAD
68.68	6.519	10.5353581837705	ABCC3
108.6	48.66	2.23181257706535	TOB1
6.8885	3.966	1.73688855269793	TOM1L1
20.005	6.394	3.12871441976853	HLF
35.085	9.304	3.77095872742906	PCTP
1.8225	1.51	1.20695364238411	C17orf67
20.52	16.7	1.22874251497006	TRIM25
4.023	1.907	2.10959622443629	RNF43
26.085	11.66	2.23713550600343	MTMR4
49.185	23.32	2.10913379073756	TACO1
1.871	0.8261	2.26485897591091	GH1
10.205	7.846	1.3006627580933	ERN1
2969	0.2028	14640.0394477318	APOH
44.59	4.585	9.72519083969466	FAM20A
18.34	6.545	2.80213903743316	ABCA6
8.198	3.576	2.29250559284116	SLC39A11
42.6	17.2	2.47674418604651	GPRC5C
3.4535	2.12	1.62900943396226	CD300A
6.6125	1.045	6.32775119617225	RAB37
169.1	34.02	4.97060552616108	SLC9A3R1
40.09	10.11	3.96538081107814	GALK1
37.295	16.45	2.26717325227964	ACOX1
27.67	22.6	1.22433628318584	TEN1
20.27	13.66	1.48389458272328	CDK3
14.81	10.7	1.38411214953271	PRPSAP1
3.9035	2.858	1.36581525542337	TMC8
3.9625	3.081	1.28610840636157	TK1
68.53	11.54	5.93847487001733	AFMID
20.02	9.277	2.15802522367145	BAIAP2
111.3	78.81	1.41225732775029	MRPL12
90.185	7.906	11.407159119656	SLC25A10
511.25	276	1.85235507246377	P4HB
62.095	14.83	4.18712070128119	PCYT2
3.8705	0.2703	14.3192748797632	NOTUM
38.745	25.1	1.54362549800797	CENPX
12.135	7.723	1.57128059044413	LRRC45
7.4375	2.825	2.63274336283186	RAC3
801.9	85.84	9.34179869524697	DCXR
68.11	47.85	1.42340647857889	RFNG
81.47	24.8	3.28508064516129	FASN
2.5755	1.263	2.03919239904988	CD7
24.755	16.57	1.4939649969825	FN3K
20.575	16.45	1.25075987841945	ENOSF1
47.505	13.25	3.58528301886792	LPIN2
12.62	7.105	1.7762139338494	MYOM1
2.3875	1.856	1.28636853448276	L3MBTL4
99.09	66	1.50136363636364	NDUFV2
1.179	0.5247	2.24699828473413	PIEZO2
30.085	3.059	9.83491337038248	TTC39C
13.9	1.874	7.41728922091782	CDH2
2734	0.3852	7097.61163032191	TTR
3.5635	1.887	1.88844727080021	RNF125
11.78	0.6377	18.4726360357535	MOCOS
1.5995	0.4983	3.20991370660245	RNF165
13.595	0.4152	32.7432562620424	LIPG
186.2	41.21	4.51832079592332	ACAA2
4.269	3.004	1.4211051930759	MYO5B
1.1915	0.7233	1.64731093598783	MRO
2.071	0.4759	4.35175457028788	ALPK2
28.335	18.15	1.56115702479339	SEC11C
60.875	35.64	1.70805274971942	LMAN1
2.08	0.7101	2.92916490635122	CCBE1
10.98	3.913	2.8060311781242	RNF152
5.3655	3.399	1.57855251544572	PHLPP1
16.015	12.18	1.31486042692939	KDSR
181.4	16.89	10.7400828892836	CYB5A
50.575	25.64	1.97250390015601	CNDP2
39.505	19.98	1.97722722722723	HSBP1L1
62.57	38.03	1.64528004207205	SHC2
1.7405	0.9871	1.76324587174552	GZMM
75.46	62.02	1.21670428893905	POLR2E
193	28.03	6.88547984302533	GAMT
3.9565	1.832	2.1596615720524	PCSK4
250.45	3.177	78.8322316650928	REEP6
8.119	6.47	1.2548686244204	KLF16
2.689	0.2799	9.60700250089318	TMPRSS9
206.25	134.2	1.53688524590164	GADD45B
1.4915	1.082	1.37846580406654	TLE6
3.6805	2.342	1.57152006831768	TBXA2R
6.0265	2.918	2.06528444139822	TJP3
6.536	1.569	4.16571064372212	ANKRD24
26.755	6.023	4.44213846920139	STAP2
15.13	11.62	1.30206540447504	MPND
55.38	15.78	3.50950570342205	PLIN4
80.885	20.15	4.01414392059553	PLIN5
609.4	1.797	339.120756816917	LRG1
12.245	3.203	3.82297845769591	TNFAIP8L1
115.95	83.81	1.38348645746331	MYDGF
5.9415	2.958	2.00862068965517	PRR22
8.5845	1.565	5.485303514377	NRTN
10.685	6.477	1.64968349544542	CRB3
32.935	0.9277	35.5017785922173	TNFSF14
1605.5	70.29	22.841086925594	C3
12.34	3.324	3.71239470517449	PEX11G
22.165	4.582	4.83740724574422	CAMSAP3
21.86	0.322	67.888198757764	CLEC4G
1.507	0.2643	5.70185395384033	TGFBR3L
25.375	19.28	1.31613070539419	CERS4
74.165	19.19	3.86477331943721	ANGPTL4
1.983	1.104	1.79619565217391	PRAM1
5.3235	3.723	1.42989524576954	MYO1F
13.38	3.861	3.46542346542347	OLFM2
18.53	0.3867	47.918282906646	ANGPTL6
3.8395	2.22	1.7295045045045	ZGLP1
1.098	0.775	1.41677419354839	ICAM3
22.665	10.61	2.13619227144204	LDLR
134.35	0.4311	311.644630016238	ANGPTL8
111.35	64.02	1.73930021868166	TMEM205
4.4135	2.728	1.61785190615836	SWSAP1
5.4205	3.463	1.56526133410338	ACP5
3.985	2.821	1.41261963842609	ZNF823
3.4275	2.106	1.62749287749288	ZNF69
3.3835	2.041	1.6577658010779	ZNF563
36.06	14.33	2.51639916259595	GCDH
1.6575	0.9685	1.71140939597315	SYCE2
37.12	0.7079	52.4367848566182	PALM3
61.14	47.36	1.29096283783784	DNAJB1
144.95	0.2363	613.415150232755	CYP4F3
26.775	1.976	13.5501012145749	CYP4F12
36.73	0.4251	86.403199247236	CYP4F11
9.0975	7.273	1.25085934277465	AP1M1
33.425	15.54	2.1509009009009	OCEL1
63.735	27.5	2.31763636363636	NR2F6
16.85	12.52	1.34584664536741	ABHD8
61.885	50.83	1.21748967145387	MRPL34
140.55	62.77	2.23912697148319	BST2
9.5885	7.656	1.25241640543365	MAST3
62.905	45.85	1.37197382769902	IFI30
16.24	12.94	1.25502318392581	PGPEP1
7.28	5.06	1.43873517786561	GDF15
28.005	10.29	2.72157434402332	ARMC6
55.53	19.2	2.8921875	SLC25A42
33.325	0.5398	61.7358280844757	TM6SF2
16.19	11.75	1.37787234042553	C19orf12
7.0895	0.2715	26.1123388581952	SLC7A9
10.73	3.316	3.23582629674306	RHPN2
26.86	18.9	1.42116402116402	LRP3
72.54	5.639	12.8639829757049	CEBPA
65.495	29.83	2.19560844787127	PEPD
492.5	14.42	34.1539528432732	HPN
141.1	72.59	1.94379391100703	FXYD1
72.24	24.42	2.95823095823096	LSR
597.35	0.4528	1319.23586572438	HAMP
24.305	6.611	3.67644834366964	IGFLR1
10.755	3.294	3.26502732240437	SYNE4
15.895	0.9902	16.0523126641083	CAPN12
34.835	1.631	21.35806253832	LGALS4
290.95	205.5	1.41581508515815	ECH1
1.343	1.068	1.25749063670412	CCER2
26.735	5.216	5.12557515337423	FBXO17
3.8375	2.343	1.6378574477166	FBXO27
89.365	64.91	1.3767524264366	BLVRB
18.425	2.896	6.36222375690608	CEACAM1
7.021	3.641	1.92831639659434	PHLDB3
27.795	21.84	1.27266483516484	PVR
96.225	33.63	2.86128456735058	BCL3
14.27	0.6074	23.4935791899901	CBLC
3181.5	68.75	46.2763636363636	APOE
2897.5	5.407	535.879415572406	APOC1
1789.5	0.3891	4599.07478797224	APOC2
33.04	25.6	1.290625	TRAPPC6A
8.421	5.47	1.53948811700183	C5AR1
12.08	6.751	1.78936453858688	SPHK2
27.27	7.216	3.77910199556541	HSD17B14
204.4	144.1	1.41845940319223	NUCB1
7718	2626	2.93907083015994	FTL
4.6995	2.522	1.86340206185567	SLC6A16
111.6	61.4	1.81758957654723	FCGRT
27.795	22.83	1.21747700394218	RCN3
3.839	2.84	1.35176056338028	PRRG2
1224.5	17.96	68.1792873051225	ATF5
66.98	0.2837	236.094465985196	ASPDH
1.3305	0.8739	1.52248541023	SIGLEC9
2.261	0.5418	4.17312661498708	SIGLEC7
2.071	1.322	1.56656580937973	VSIG10L
60.99	26.27	2.32165968785687	ETFB
9.8915	3.29	3.00653495440729	NKG7
2.425	2.016	1.20287698412698	LILRB3
4.4525	3.677	1.21090562958934	LILRB5
2.732	2.239	1.22018758374274	LILRB2
1.638	1.289	1.27075252133437	LILRA5
1.4605	0.9257	1.57772496489143	LILRB1
7.8825	0.3503	22.5021410219812	PTPRH
26.94	7.2	3.74166666666667	TMEM86B
5.2835	2.789	1.89440659734672	TMEM238
88.55	28.94	3.05977885279889	ISOC2
27.76	18.71	1.48369855692143	ZNF444
395.9	2.67	148.277153558052	A1BG
1.9875	1.195	1.66317991631799	ZNF497
3.3955	1.966	1.72711088504578	ZNF837
254.5	2.087	121.945376137997	SLC27A5
29.81	4.815	6.19106957424714	TRIB3
59.14	48.13	1.22875545397881	RBCK1
31.16	17.92	1.73883928571429	SIRPA
66.08	51.08	1.29365700861394	MRPS26
5.854	0.2867	20.4185559818626	OXT
33.855	10.68	3.16994382022472	SLC23A2
29.12	20.05	1.45236907730673	CRLS1
1.9315	1.298	1.48805855161787	ANKEF1
3.6265	1.443	2.51316701316701	SPTLC3
3.183	1.191	2.67254408060453	FLRT3
115.2	86.47	1.3322539609113	RRBP1
7.5535	5.168	1.46159055727554	RBBP9
6.526	3.76	1.73563829787234	CST7
199.7	51.86	3.85075202468184	APMAP
1.3635	0.8919	1.52875882946519	TPX2
17.16	12.16	1.41118421052632	POFUT1
87.435	59.4	1.4719696969697	AHCY
78.49	61.83	1.2694484877891	EIF6
22.29	17.97	1.24040066777963	RPRD1B
234.7	126.4	1.85680379746835	TGM2
742.1	0.6735	1101.8559762435	LBP
1.816	0.724	2.50828729281768	FAM83D
16.59	13.31	1.24643125469572	MAFB
20.21	14.56	1.38804945054945	LPIN3
29.43	0.9634	30.5480589578576	SGK2
19.03	4.27	4.45667447306792	TTPAL
26.92	17.79	1.51320966835301	PABPC1L
117.85	48.21	2.44451358639286	SLPI
140.55	82.41	1.70549690571533	SDC4
3.262	2.515	1.29701789264414	SPATA25
5.0655	1.055	4.80142180094787	SLC13A3
23.05	5.939	3.88112476847954	SLC2A10
148.35	100.4	1.47758964143426	CEBPB
2.901	2.083	1.39270283245319	PARD6B
1.9795	1.448	1.36705801104972	TSHZ2
529.95	0.3364	1575.35671819263	PCK1
238.7	143	1.66923076923077	CTSZ
22.665	11.63	1.94883920894239	SS18L1
28.945	23.5	1.23170212765957	OGFR
96.53	4.258	22.6702677313293	SLC17A9
2.784	0.4996	5.5724579663731	PTK6
70.935	22.85	3.10437636761488	ZGPAT
126.1	12.87	9.7979797979798	LIME1
94.955	49.42	1.921388101983	SLC2A4RG
8.2125	4.165	1.97178871548619	CXADR
2.128	1.339	1.58924570575056	TIAM1
378.45	143.7	2.63361169102296	SOD1
1.778	0.6619	2.68620637558544	TCP10L
19.78	13.98	1.41487839771102	IFNAR1
31.855	13.87	2.29668348954578	RCAN1
54.035	23.61	2.28864887759424	CBR1
108.1	77.89	1.38785466683785	ETS2
12.72	1.621	7.8470080197409	TMPRSS2
10.25	4.436	2.31064021641118	RIPK4
6.2035	3.989	1.55515166708448	ZBTB21
6.612	0.5192	12.7349768875193	CBS
10.835	1.276	8.49137931034483	LRRC3
205.4	64.01	3.20887361349789	COL18A1
6.343	3.359	1.88835963084251	SLC19A1
281.45	0.4457	631.478573031187	FTCD
37.465	26.57	1.41004892736169	LSS
4.9165	3.521	1.39633626810565	CECR2
56.95	1.399	40.7076483202287	SLC25A18
14.365	10.47	1.3720152817574	BID
126.2	47.1	2.67940552016985	SLC25A1
16.45	10.62	1.54896421845574	TXNRD2
42.685	25.23	1.6918351169243	COMT
4.169	1.257	3.31662688941925	RTN4R
81.925	49.95	1.64014014014014	DGCR6L
195.65	0.2147	911.271541686074	SERPIND1
78.125	41.29	1.89210462581739	SDF2L1
123.1	95.1	1.2944269190326	CHCHD10
2.7205	2.055	1.32384428223844	MIF
19.6	4.215	4.65005931198102	DDTL
121.75	28.64	4.25104748603352	DDT
4.5325	3.727	1.21612557016367	ADORA2A
50.09	0.3894	128.633795582948	UPB1
76.81	51.1	1.50313111545988	GUCD1
34.435	10.83	3.17959372114497	LRRC75B
19.82	6.316	3.13806206459785	GGT1
11.78	8.512	1.38392857142857	KIAA1671
1.306	0.3193	4.09019730660821	CRYBB3
17.655	12.28	1.43770358306189	TPST2
15.56	12.68	1.22712933753943	HSCB
305.3	141.7	2.1545518701482	XBP1
88.585	15.76	5.62087563451777	NIPSNAP1
53.87	1.725	31.2289855072464	SEC14L2
1.0745	0.7345	1.46289993192648	GAL3ST1
30.095	22.16	1.35807761732852	RNF185
1.043	0.7133	1.46221786064769	SLC5A1
47.505	15.24	3.11712598425197	HMOX1
15.43	4.502	3.4273656152821	APOL6
72.805	19.44	3.74511316872428	APOL1
201.25	21.91	9.185303514377	TST
142.75	31.56	4.52313054499366	MPST
3.285	0.851	3.86016451233843	IL2RB
5.883	2.792	2.10709169054441	C1QTNF6
6.427	4.862	1.32188399835459	RAC2
11.29	7.874	1.43383286766574	CARD10
67.995	46.36	1.46667385677308	CDC42EP1
2.7175	1.058	2.56852551984877	PDXP
24.205	12.68	1.90891167192429	GCAT
5.785	4.415	1.31030577576444	XPNPEP3
43.07	27.6	1.56050724637681	PMM1
30.06	19.44	1.5462962962963	DESI1
215.3	1.468	146.662125340599	CYP2D6
1.443	0.7682	1.87841707888571	SCUBE1
13.52	5.604	2.41256245538901	PRR5
21.645	7.022	3.08245514098547	PPARA
139.25	21.89	6.36135221562357	TTC38
33.23	19.98	1.66316316316316	GRAMD4
6.2435	1.358	4.59756995581738	PANX2
90.305	33.66	2.68285799168152	SELENOO
1.7745	0.6949	2.55360483522809	ADM2
14.335	10.97	1.30674567000912	SCO2
66.98	32.87	2.03772436872528	TYMP
22.165	15.93	1.39139987445072	ODF3B
12.315	0.9551	12.8939378075594	GYG2
13.34	7.801	1.71003717472119	ARSD
1.87	1.208	1.54801324503311	SHROOM2
3.256	1.196	2.72240802675585	ASB9
15.315	12.05	1.27095435684647	SYAP1
3.9875	2.705	1.47412199630314	REPS2
19.145	14	1.3675	SCML1
24.84	11.3	2.19823008849557	PHKA2
75.145	42.73	1.75860051486075	PRDX4
14.335	2.409	5.95060190950602	GK
99.71	32.59	3.05952746241178	MAOB
77.085	9.196	8.3824488908221	RGN
5.091	1.825	2.78958904109589	CFP
96.725	18.36	5.26824618736383	EBP
4.2435	3.416	1.24224238875878	WAS
45.29	27.92	1.62213467048711	HDAC6
4.717	2.617	1.80244554833779	MAGIX
6.5975	3.302	1.99803149606299	CLCN5
141.8	69.07	2.05298972057333	HSD17B10
14.095	11.22	1.25623885918004	PHF8
1.6455	0.4386	3.75170998632011	WNK3
27.52	0.6564	41.9256550883608	PFKFB1
8.497	2.843	2.98874428420682	FAAH2
6.0915	4.024	1.51379224652087	ZXDB
14.9	2.931	5.08358921869669	AR
4.191	2.742	1.52844638949672	IL2RG
30.475	8.02	3.7998753117207	SLC16A2
31.54	24.81	1.27126158806933	MAGT1
19.94	7.359	2.70960728359831	TSPAN6
4.685	3.033	1.54467523903726	TIMM8A
1.1925	0.3733	3.19448165014733	NXF3
28.605	4.49	6.37082405345212	RNF128
2.2575	1.753	1.28779235596121	TBC1D8B
2.9035	2.345	1.23816631130064	NXT2
59.065	33.84	1.74541962174941	PLS3
46.82	27.66	1.69269703543022	IL13RA1
203.95	50.84	4.01160503540519	PGRMC1
1.85	0.4828	3.83181441590721	GLUD2
5.298	0.9494	5.58036654729303	TENM1
4.8445	0.9457	5.12266046314899	XPNPEP2
17.575	11.12	1.58048561151079	ZDHHC9
38.61	23.91	1.61480552070263	AIFM1
22.455	14.49	1.54968944099379	RAP2C
9.232	2.556	3.61189358372457	MBNL3
8.6295	3.917	2.2030890988001	ATP11C
19.19	5.484	3.49927060539752	HMGB3
20.885	13.64	1.53115835777126	NSDHL
3.169	0.6704	4.72702863961814	PNMA6A
4.0465	3.286	1.23143639683506	IKBKG
10.955	7.575	1.44620462046205	F8A1
40520	32260	1.25604463732176	MT-CO1
49560	31900	1.55360501567398	MT-CO2
29935	21740	1.37695492180313	MT-ATP8
51825	35530	1.45862651280608	MT-ATP6
44570	36350	1.22613480055021	MT-CO3
19265	14590	1.32042494859493	MT-ND3
26085	15980	1.63235294117647	MT-ND4L
58775	35860	1.63901282766313	MT-ND4
31645	23810	1.32906341873163	MT-CYB
